# iozone -a -b output.xlsx
	Iozone: Performance Test of File I/O
	        Version $Revision: 3.506 $
		Compiled for 64 bit mode.
		Build: linux 

	Contributors:William Norcott, Don Capps, Isom Crawford, Kirby Collins
	             Al Slater, Scott Rhine, Mike Wisner, Ken Goss
	             Steve Landherr, Brad Smith, Mark Kelly, Dr. Alain CYR,
	             Randy Dunlap, Mark Montague, Dan Million, Gavin Brebner,
	             Jean-Marc Zucconi, Jeff Blomberg, Benny Halevy, Dave Boone,
	             Erik Habbinga, Kris Strecker, Walter Wong, Joshua Root,
	             Fabrice Bacchella, Zhenghua Xue, Qin Li, Darren Sawyer,
	             Vangel Bojaxhi, Ben England, Vikentsi Lapa,
	             Alexey Skidanov, Sudhir Kumar.

	Run began: Tue Mar 11 12:25:41 2025

	Auto Mode
	Command line used: iozone -a -b output.xlsx
	Output is in kBytes/sec
	Time Resolution = 0.000001 seconds.
	Processor cache size set to 1024 kBytes.
	Processor cache line size set to 32 bytes.
	File stride size set to 17 * record size.
                                                                    random    random      bkwd     record     stride                                        
              kB  reclen    write    rewrite      read    reread      read     write      read    rewrite       read    fwrite  frewrite     fread   freread
              64       4    524487   7940539  12902017  12310336   7100397   6421025   5860307    7100397    7100397   6421025   5860307   9006179  12310336
              64       8   4897948  10821524  22737791  22737791  15972885  10821524   9318832   12902017   12902017  10821524  12902017  15972885  15972885
              64      16   6421025  12902017  22737791  22737791  20962191  12902017  12902017   15972885   34389688   5389653  12902017  15972885  20962191
              64      32   7100397  12902017  30484297  30484297  34389688  15972885  12902017   20962191   30484297   3541098  34389688  15972885  15972885
              64      64   6421025  20962191  55857768  64000000  30484297  20962191  15972885   15972885   15972885  15972885  15972885  20962191  30484297
             128       4   1598754   9795896  12842051  12842051   8548124   7582312   7476717    8548124    8036304   8548124  10779307  11720614  12842051
             128       8   6406138  11720614  18637664  18012359  16365173  11720614   9977956   12842051   15881078   4934216  10567140  14200794  15881078
             128      16   7476717  14200794  31945770  21643049  18012359  10779307  14200794   14200794   20804356  12842051  14200794  15881078  18012359
             128      32   7582312  15881078  24620673  25804035  25804035  15881078  14200794   14200794   31945770  14200794  18012359  25804035  18637664
             128      64   7917784  25804035  31945770  31945770  21643049  14586625  15881078   16365173   21643049   2511022  25804035  18012359   8548124
             128     128   6114306  18012359  31945770  31945770  24620673  15881078  21643049   11720614   18012359  14200794  18637664  20804356  21643049
             256       4   1652404   9434868  14164395  12228612   9192546   7735574   7791708    8271916    8271916   8815202   6761355  13454450  12228612
             256       8   6719046  13454450  17096249  17096249  14164395  10245071  11569783   13454450   11695808  11569783  11091721  16072608  15835569
             256      16   8271916  14953435  25684103  19955913  21134280  14353744  14953435   18259146   23441229  12228612  14164395  21134280  18259146
             256      32   8271916  16072608  21134280  22940409  25684103  15164624  17096249   21558614   28401588  15164624  16072608  18259146  19955913
             256      64   8815202  16072608  23441229  22940409  28401588  19591792  17096249   23441229   25684103  18575017  23441229  19591792  21558614
             256     128   8534922  18259146  23441229  25684103  21558614  19955913  17096249   21134280   23441229   1778290  21134280  23441229  19591792
             256     256   8534922  17096249  31762157  31762157  32730347  21558614  18259146   19591792   19591792  17096249  16828306  19591792  21134280
             512       4   1337324   9859630  13109944  12146009   9145790   6319739   8140399    8562340    8140399   9145790   9681823  11683444  11683444
             512       8   5331314  12499490  18869737  17069844  13783088  10235583  13438092   13109944   14240069   5566231  11620224  13872122  16543832
             512      16   6414119  16543832  24457224  19736867  19736867   8528336  15583417   17776344   15930214  13522711  13109944  10856530  19736867
             512      32   8808176  17069844  22183443  15471149  24181823  16935230  19037014   22183443   28707488  14146265  15143846  25624554  21303197
             512      64   8701110  17630404  22414989  23391616  26908901  18229030  23391616   23391616   28328790  12797441  16417355  21303197  21303197
             512     128   8955098  17630404  24457224  24457224  25624554  19736867  18869737   22414989   26908901  17069844  20490142  19736867  22183443
             512     256   8992598  20490142  26908901  26908901  28328790  19736867  19557124   22183443   23391616   3388236  28328790  21303197  22183443
             512     512   9145790  18229030  30329249  30329249  22183443  14240069  20490142   20490142   25624554  18229030  18869737  20490142  21303197
            1024       4   1414304   9569770  13142265  13305116   8000971   7306780   7472033    7008693    7537599   8391792   9220512   9655828  12037272
            1024       8   7369466  13305116  17124680  17402221  14183905   9464330  12173747   13472053   12456195  10662628  11903823  16531459  16789959
            1024      16   8326715  15977962  23886714  20970936  20088179  11903823  16531459   17985196   14871477  14820161  15295157  19629138  20088179
            1024      32   3324778  17616353  23754601  22748081  24854315  13472053  20088179   22748081   19719260  14668318  14618393  21713061  22276143
            1024      64   9300377  19719260  22748081  22748081  25748325  12790037  19363647   23240448   27566176  12790037  17402221  26876184  22276143
            1024     128   8525047  18291580  22748081  23366889  27045423  14618393  20471166   23240448   27045423  13998981  16789959  21282686  22276143
            1024     256   7769397  19363647  27744245  24430194  28480139  13863422  21282686   23886714   24998980  17688906  16789959  27045423  22276143
            1024     512   9064828  18936769  26876184  25594883  28480139  13472053  20471166   23240448   24998980   4609294  27744245  22276143  23366889
            1024    1024   9485232  20869039  24292018  29256135  29256135  13686709  21388672   21388672   21282686  19363647  18689559  22748081  23240448
            2048       4   1984365   9653719  10903620  13138359   8261095   7609754   7789164    7213548    7754008   8531869   9308497  10037248  12187663
            2048       8   7846081  13467949  16122077  17360217  12488897  11380325  11517657   12118884   11690076  10620516  11706006  14417342  16915790
            2048      16   8565901  16122077  19486895  18600754  17977882  15048789  18600754   16122077   14638464  12187663  13301113  20079056  18763275
            2048      32   9483197  17360217  20658530  22796721  22979678  15766969  19893055   23228237   20268568  12561952  14514788  17940335  22264924
            2048      64   9218589  17221003  18970464  22498183  22498183  15738081  16493549   22498183   19531203  13138359  15883587  17977882  22498183
            2048     128   9431138  18441025  18284015  22736381  26204348  16653431  17645509   23546602   24984852  13660713  16001943  17501701  22264924
            2048     256   9708272  18928661  19486895  27286464  26944106  17084004  21980064   23807646   26944106  14638464  17360217  21325256  23228237
            2048     512   9898453  19139540  19847092  24416701  27726845  18970464  17977882   22264924   25580074  10726615  19486895  22796721  23041317
            2048    1024   9796850  19139540  16122077  26204348  17221003  19486895  17501701   19531203   20268568   6416117  26610232  18970464  23546602
            2048    2048   3246623  18129656  27997963  28844090  28367810  18480699  18804350   16274804   18641120  18129656  19355169  17050094  24074544
            4096       4   2618560   8260324  10263956  12680688   8240513   7728911   6451792    8256354    8013724   8695120   8981502  10691939  11940367
            4096       8   8096815  12643359  14736477  17148903  12727660  11289134  12049235   12880338   12370246  11378861  11704457  13126371  17063738
            4096      16   8734909  15006799  17899319  21320113  17063738  14573961  15880734   17200411   15999048  13299112  13658603  17955442  21110529
            4096      32   9440496  16715094  20678564  23801238  20359982  15396828  18536646   19796907   21007275  13735042  14524675  20192470  24833373
            4096      64   9312562  18202760  18966395  22375282  21779595  18779801  19329161   20579482   19774121  14787213  14787213  20481345  23285086
            4096     128   9524234  18698043  19329161  23253568  23128348  19416544  19504720   17286949   22640669  15046228  15692162  19865582  22760651
            4096     256   9524234  19050521  21110529  24833373  23967260  20384139  19888580   22002745   23967260  14954547  16179861  20905025  24237769
            4096     512   9729195  18378010  21214804  24514454  23670066  20678564  20359982   22640669   23253568  15287223  16585996  20168765  23967260
            4096    1024   9729195  18616995  21110529  25764430  24690613  20803766  19957894   21697077   23933871  16195114  17733038  19981106  24237769
            4096    2048   9503161  17660123  23285086  25919917  22640669  18883009  19981106   19981106   23285086   7555557  26077293  18202760  23702723
            4096    4096   3709909  16380411  26077293  27852967  22730536  19050521  19156735   14318876   19616073  17148903  16458876  20287852  24549484
            8192       4   3064876   8289830   9965682  11735662   7985426   7261443   7199064    8515834    8071718   9362822   8216483   8934340  12137794
            8192       8   7891886  11192805  13277557  16886004  12679779  11145606  11236730   12961998   12623876  11889982  10738070  12759828  16819875
            8192      16   8856046  15144416  18405631  21612539  17888190  14246478  15697939   17070568   16927599  13816816  13839076  18922585  23748688
            8192      32   9942612  16512708  19828962  23472881  21721845  17622134  16819875   20953542   19048469  13816816  14031222  11251448  25512023
            8192      64   9834473  16927599  18747070  22940050  21277939  18706245  20527913   21915814   21846143  14735249  14450187  19840411  24166268
            8192     128   9447779  17613101  19458391  21212259  22563442  17888190  19143987   20178308   21277939  14474536  15313152  20788734  24389267
            8192     256   9764602  18706245  21667054  24149283  24303013  19186748  21504328   23472881   23408914  15224943  14628599  19932489  23748688
            8192     512   9928248  17355106  20688596  23266255  23748688  18747070  21120984   23472881   25683653  15144416  14792342  13587338  23537199
            8192    1024   9965682  16787005  19692587  24371967  21776913  19692587  20478973   23140898   25361377  14002632  15367944  20285525  24829886
            8192    2048   9406396  10778492  20321517  23537199  21277939  18534703  18288074   21160006   25212499  16254918  14979358  16552482  22141778
            8192    4096   8191020  15450872  20953542  23472881  16316670  19048469  12228510   18327093   18706245   6838023  23408914  13861408  18172009
            8192    8192   3668636  15485690  16787005   8200795  13496606  16316670  12486251   15031784   12241580  17241890  14468441   9882559  12522657
           16384       4   3487447   8547405   8696680  11561528   6812133   6222445   7529411    8678010    6734030   8437214   8086731   9899366  10995458
           16384       8   6751231  10208178  13629933  15679334  10101637   8818322   8756521   13266805    9194710  10176433   9610032  13711520  14801282
           16384      16   7858319  13180291  11753336  18267683  13170186  11497692  13117393   16599686   13979290  12721575  12001713  16049181  19839298
           16384      32   8419641  11862900  17267043  21087319  16664091  13300185  12556535   19391434   12623425  10965630   9357474  17845480  19908269
           16384      64   8351087  13551983  12056459  18854085  16094286  14522886  16139646   23038536   19185707  13802401  12662969  17341116  20977885
           16384     128   8371434  13396116  18023335  21139213  19833573  14785359  17429080   21727378   18705256  12932252  10749501  17929287  18204771
           16384     256   8551659  14260686  16484211  17785438  20177157  16300437  16910128   22658713   19765118  13094897  12961523  12402433  20612921
           16384     512   8308679  13967924  15845643  17693850  18204771  15197352  14210553   21761781   17544775  12045892  12143812  15693657  19529204
           16384    1024   8123056  12981110  15471067  19501494  18598941  17137857   9292938   22356480   24783372  14002077   9793555  13700585  17826962
           16384    2048   7659492   9603317   8023471  13597570  12526779  14772645  11069849   18812792   20894964  12554241  12467688   9097331  12632707
           16384    4096   6239394  11803808   7996396   9569883   8086731  14284400   4836060   14410206   14175377  11889582  12642003   7046846   8380622
           16384    8192   4837081  10639656   5401707   5773384   5498083   7501466   5212811   11338340    7433306  10258466  18553747   4230243   5981949
           16384   16384   2347954  11490003   5128010   5675165   5538853  10793399   5682674   10851347    5659275   7750195  11345828   5278072   5730536
           32768      64   3756516  10587860  21249703  23611671  18306141  13139723  17789594   23010785   18513274  12854606  11911020  21613957  22980006
           32768     128   8299551  13997522  21948773  24715654  22276058  12346510  19847337   22182579   21031834  11820869  12352058  22143266  25030744
           32768     256   8522391  14996384  22691656  25680856  23538881  15500390  20596876   23676753   24547905  13271681  12327683  22111204  25400829
           32768     512   8225047  12681437  19631876  21875410  21197265  14487379  20328783   23189380   23240356  12579296  12333215  19388167  22247212
           32768    1024   8208346  14915013  12444890  19174480  17808034  14799378  16700145   22550178   20301757  12790009  12091255  14674546  16515520
           32768    2048   7863627  14245617  10984741   9999337  11740090  14505727   9899227   16383613   25499797  11994177  11758169   8580385  10656821
           32768    4096   6390189  13133445   6104381   6908630   6777133  13567777   5320326   18347686   21847591  11058987   7998167   6477223   8287040
           32768    8192   5355987  12056254   5263076   6166553   6016991  12145750   4978444   11338158    7143468  11156840  10701629   4820253   5185630
           32768   16384   3958403   8882613   4642610   4744868   4810299   9335106   4496199    9311704    4798376   6837824  13043701   4428685   4644650
           65536      64   4546081   6696204  16692849  23147991  17664760  12452674  17301187   22337253   19533947  12272537  11945601  16396128  18794035
           65536     128   7635538  14683801  23556644  25402720  22897322  15261832  21305382   23239974   22924056  13323017  11415287  23422158  25670797
           65536     256   7734584  15315404  25372238  27183859  24110393  15394315  23735646   24957577   26018264  13624810  13220492  25501703  27768795
           65536     512   9073433  15956406  25041702  27082085  25883515  16277673  24757517   25177028   25912796  13896896  13616711  25570500  27995044
           65536    1024   8445359  16206653  23909067  26685088  25580018  16282494  23580894   25658815   26870295  14102952  12910639  21340117  23676357
           65536    2048   9040904  13421244  11932636  26385393  26246825  15723656  20182219   23840636   24996159  13614013  13490406  16003785  21716078
           65536    4096   7459007  16323104  12291195  16731460  16899126  16680693   9606478   23020046   27735172  12961777  12206593   8808550  15780525
           65536    8192   6962317  12247384   5534661   6284531   6043025  13597177   5156622   18924721   10748836  10371261   9703466   5053292   5989433
           65536   16384   4626576   9828368   4674491   4894043   4520958  10632009   4273080    9704836    4919708   9988729  10107363   4480428   4725358
          131072      64   4678302   7501429  22622015  24090114  17640843  11126676  17467090   25086045   20897855  13030227  12867970  22287272  24467513
          131072     128   8694017  15429227  24909861  27053839  22470374  15587151  21639835   23633410   24019594  13632177  13369286  25008446  26559784
          131072     256   9624946  16246312  26814994  28953098  25460138  16735435  23882899   25857713   26430814  13129498  14279443  25706574  27552807
          131072     512   9110544  17122719  27438667  28462922  26581615  16569987  25133066   25775274   27352660  14386314  11135015  26047610  29063304
          131072    1024   9243973  16631142  27334980  28769763  27288847  17600743  26803228   26765385   27947803  14723838  15149042  27989066  29694370
          131072    2048   9407214  17316885  26639578  28877057  27512819  17429986  25949252   25995879   27279368  14812304  14877644  24453365  29152692
          131072    4096   9092763  16697313  14236180  21537256  21184537  17478752  11132309   23689422   16554020  12390872  12614052  11810563  24815411
          131072    8192   4337672  13151799   4789072   5111829   5500759  14918420   4921417   21147052   14555431  11076683  10304545   4962599   5503071
          131072   16384   5192410  10572876   4289310   4530824   4616700   9701891   4527205   10023113    5118397  10039220   9408663   4452624   4518981
          262144      64   2508314   6373839  23710267  25545202  17347980  13409527  19012559   25174963   19820374  13075133  12842090  25109422  25460613
          262144     128   9025128  15620546  25425875  27707507  22166766  14713948  23382518   24775043   24034193  13835763  13948271  26831226  27292102
          262144     256   9405911  16822443  25895352  24321816  25237370  15709596  25585028   25839364   27198934  14413812  14242414  29293121  29040126
          262144     512   9649426  17660055  28521846  30757457  28112013  16587186  26958854   27355250   28346106  14609740  14949008  30052135  30731667
          262144    1024   8841303  18019225  30069394  30567627  29150223  16701322  29218391   26487359   30044744  14878611  14813662  29785919  30616996
          262144    2048   9916516  17958890  26828607  29843319  29725523  16722659  28287764   26220172   25957709  15141491  15272945  29348636  30093260
          262144    4096   9513831  17189590  20108920  28367315  25920992  17114405  22751589   24667767   27326695  15020074  14623731  18214448  27725673
          262144    8192   8084120  15649449   5269448   5432482   5673615  16874336   4995877   22447347    6933578  11890750  11140860   4985728   5540530
          262144   16384   6033356  11502033   4460895   4774324   4690773  12001331   4328380   11875596    5907611   9206727   8741628   3910322   4642996
          524288      64   3061377   6239747  24928051  24011311  17939084   7893635  17594183   22289173   17249161   9176598  11677564  13324683  23145224
          524288     128   5795538   8341614  25339972  25844772  20009346   8128370  21168919   20504897   19304273  10470651   8680955  25627608  27087970
          524288     256   5264148   8131135  24964841  26451294  24843002   9963685  25583780   26590428   26136281   8990180   8949822  27557785  29667696
          524288     512   6894617  15309928  30391801  29816130  27386527  10526588  27197523   27256855   28759760  12055664  12635028  30533590  30649345
          524288    1024   7776670  14983518  29831500  30997128  28129924    362043  27690343   27732598   29622536  11998306   9759261  28039894  28624615
          524288    2048   5752497  10791385  26759007  29736700  29780596  11328350  24335760   27612805   30119560  12163559  10078580  26109903  30707123
          524288    4096   6961648  14246548  23358874  27932331  26085435  10857079  17368506   26335353   28107632  12086210  12144481  23632500  28814781
          524288    8192   8432587  13036130   5019984   5396299   5331601  12138314   5060067   23163753    8103867   9929851   9623826   4846889   5319259
          524288   16384   4316763  10366990   4594864   4738346   4722553   9548482   4566051   13897303    6645546   7683793    243056   4565331   4692873

iozone test complete.
Timer resolution is poor. Some small transfers may have 
reported inaccurate results. Sizes 64 kBytes and below.
Excel output is below:

"Writer report"
        "4"  "8"  "16"  "32"  "64"  "128"  "256"  "512"  "1024"  "2048"  "4096"  "8192"  "16384"
"64"   524487  4897948  6421025  7100397  6421025 
"128"   1598754  6406138  7476717  7582312  7917784  6114306 
"256"   1652404  6719046  8271916  8271916  8815202  8534922  8534922 
"512"   1337324  5331314  6414119  8808176  8701110  8955098  8992598  9145790 
"1024"   1414304  7369466  8326715  3324778  9300377  8525047  7769397  9064828  9485232 
"2048"   1984365  7846081  8565901  9483197  9218589  9431138  9708272  9898453  9796850  3246623 
"4096"   2618560  8096815  8734909  9440496  9312562  9524234  9524234  9729195  9729195  9503161  3709909 
"8192"   3064876  7891886  8856046  9942612  9834473  9447779  9764602  9928248  9965682  9406396  8191020  3668636 
"16384"   3487447  6751231  7858319  8419641  8351087  8371434  8551659  8308679  8123056  7659492  6239394  4837081  2347954 
"32768"   0  0  0  0  3756516  8299551  8522391  8225047  8208346  7863627  6390189  5355987  3958403 
"65536"   0  0  0  0  4546081  7635538  7734584  9073433  8445359  9040904  7459007  6962317  4626576 
"131072"   0  0  0  0  4678302  8694017  9624946  9110544  9243973  9407214  9092763  4337672  5192410 
"262144"   0  0  0  0  2508314  9025128  9405911  9649426  8841303  9916516  9513831  8084120  6033356 
"524288"   0  0  0  0  3061377  5795538  5264148  6894617  7776670  5752497  6961648  8432587  4316763 

"Re-writer report"
        "4"  "8"  "16"  "32"  "64"  "128"  "256"  "512"  "1024"  "2048"  "4096"  "8192"  "16384"
"64"   7940539  10821524  12902017  12902017  20962191 
"128"   9795896  11720614  14200794  15881078  25804035  18012359 
"256"   9434868  13454450  14953435  16072608  16072608  18259146  17096249 
"512"   9859630  12499490  16543832  17069844  17630404  17630404  20490142  18229030 
"1024"   9569770  13305116  15977962  17616353  19719260  18291580  19363647  18936769  20869039 
"2048"   9653719  13467949  16122077  17360217  17221003  18441025  18928661  19139540  19139540  18129656 
"4096"   8260324  12643359  15006799  16715094  18202760  18698043  19050521  18378010  18616995  17660123  16380411 
"8192"   8289830  11192805  15144416  16512708  16927599  17613101  18706245  17355106  16787005  10778492  15450872  15485690 
"16384"   8547405  10208178  13180291  11862900  13551983  13396116  14260686  13967924  12981110  9603317  11803808  10639656  11490003 
"32768"   0  0  0  0  10587860  13997522  14996384  12681437  14915013  14245617  13133445  12056254  8882613 
"65536"   0  0  0  0  6696204  14683801  15315404  15956406  16206653  13421244  16323104  12247384  9828368 
"131072"   0  0  0  0  7501429  15429227  16246312  17122719  16631142  17316885  16697313  13151799  10572876 
"262144"   0  0  0  0  6373839  15620546  16822443  17660055  18019225  17958890  17189590  15649449  11502033 
"524288"   0  0  0  0  6239747  8341614  8131135  15309928  14983518  10791385  14246548  13036130  10366990 

"Reader report"
        "4"  "8"  "16"  "32"  "64"  "128"  "256"  "512"  "1024"  "2048"  "4096"  "8192"  "16384"
"64"   12902017  22737791  22737791  30484297  55857768 
"128"   12842051  18637664  31945770  24620673  31945770  31945770 
"256"   14164395  17096249  25684103  21134280  23441229  23441229  31762157 
"512"   13109944  18869737  24457224  22183443  22414989  24457224  26908901  30329249 
"1024"   13142265  17124680  23886714  23754601  22748081  22748081  27744245  26876184  24292018 
"2048"   10903620  16122077  19486895  20658530  18970464  18284015  19486895  19847092  16122077  27997963 
"4096"   10263956  14736477  17899319  20678564  18966395  19329161  21110529  21214804  21110529  23285086  26077293 
"8192"   9965682  13277557  18405631  19828962  18747070  19458391  21667054  20688596  19692587  20321517  20953542  16787005 
"16384"   8696680  13629933  11753336  17267043  12056459  18023335  16484211  15845643  15471067  8023471  7996396  5401707  5128010 
"32768"   0  0  0  0  21249703  21948773  22691656  19631876  12444890  10984741  6104381  5263076  4642610 
"65536"   0  0  0  0  16692849  23556644  25372238  25041702  23909067  11932636  12291195  5534661  4674491 
"131072"   0  0  0  0  22622015  24909861  26814994  27438667  27334980  26639578  14236180  4789072  4289310 
"262144"   0  0  0  0  23710267  25425875  25895352  28521846  30069394  26828607  20108920  5269448  4460895 
"524288"   0  0  0  0  24928051  25339972  24964841  30391801  29831500  26759007  23358874  5019984  4594864 

"Re-Reader report"
        "4"  "8"  "16"  "32"  "64"  "128"  "256"  "512"  "1024"  "2048"  "4096"  "8192"  "16384"
"64"   12310336  22737791  22737791  30484297  64000000 
"128"   12842051  18012359  21643049  25804035  31945770  31945770 
"256"   12228612  17096249  19955913  22940409  22940409  25684103  31762157 
"512"   12146009  17069844  19736867  15471149  23391616  24457224  26908901  30329249 
"1024"   13305116  17402221  20970936  22748081  22748081  23366889  24430194  25594883  29256135 
"2048"   13138359  17360217  18600754  22796721  22498183  22736381  27286464  24416701  26204348  28844090 
"4096"   12680688  17148903  21320113  23801238  22375282  23253568  24833373  24514454  25764430  25919917  27852967 
"8192"   11735662  16886004  21612539  23472881  22940050  21212259  24149283  23266255  24371967  23537199  23472881  8200795 
"16384"   11561528  15679334  18267683  21087319  18854085  21139213  17785438  17693850  19501494  13597570  9569883  5773384  5675165 
"32768"   0  0  0  0  23611671  24715654  25680856  21875410  19174480  9999337  6908630  6166553  4744868 
"65536"   0  0  0  0  23147991  25402720  27183859  27082085  26685088  26385393  16731460  6284531  4894043 
"131072"   0  0  0  0  24090114  27053839  28953098  28462922  28769763  28877057  21537256  5111829  4530824 
"262144"   0  0  0  0  25545202  27707507  24321816  30757457  30567627  29843319  28367315  5432482  4774324 
"524288"   0  0  0  0  24011311  25844772  26451294  29816130  30997128  29736700  27932331  5396299  4738346 

"Random read report"
        "4"  "8"  "16"  "32"  "64"  "128"  "256"  "512"  "1024"  "2048"  "4096"  "8192"  "16384"
"64"   7100397  15972885  20962191  34389688  30484297 
"128"   8548124  16365173  18012359  25804035  21643049  24620673 
"256"   9192546  14164395  21134280  25684103  28401588  21558614  32730347 
"512"   9145790  13783088  19736867  24181823  26908901  25624554  28328790  22183443 
"1024"   8000971  14183905  20088179  24854315  25748325  27045423  28480139  28480139  29256135 
"2048"   8261095  12488897  17977882  22979678  22498183  26204348  26944106  27726845  17221003  28367810 
"4096"   8240513  12727660  17063738  20359982  21779595  23128348  23967260  23670066  24690613  22640669  22730536 
"8192"   7985426  12679779  17888190  21721845  21277939  22563442  24303013  23748688  21776913  21277939  16316670  13496606 
"16384"   6812133  10101637  13170186  16664091  16094286  19833573  20177157  18204771  18598941  12526779  8086731  5498083  5538853 
"32768"   0  0  0  0  18306141  22276058  23538881  21197265  17808034  11740090  6777133  6016991  4810299 
"65536"   0  0  0  0  17664760  22897322  24110393  25883515  25580018  26246825  16899126  6043025  4520958 
"131072"   0  0  0  0  17640843  22470374  25460138  26581615  27288847  27512819  21184537  5500759  4616700 
"262144"   0  0  0  0  17347980  22166766  25237370  28112013  29150223  29725523  25920992  5673615  4690773 
"524288"   0  0  0  0  17939084  20009346  24843002  27386527  28129924  29780596  26085435  5331601  4722553 

"Random write report"
        "4"  "8"  "16"  "32"  "64"  "128"  "256"  "512"  "1024"  "2048"  "4096"  "8192"  "16384"
"64"   6421025  10821524  12902017  15972885  20962191 
"128"   7582312  11720614  10779307  15881078  14586625  15881078 
"256"   7735574  10245071  14353744  15164624  19591792  19955913  21558614 
"512"   6319739  10235583  8528336  16935230  18229030  19736867  19736867  14240069 
"1024"   7306780  9464330  11903823  13472053  12790037  14618393  13863422  13472053  13686709 
"2048"   7609754  11380325  15048789  15766969  15738081  16653431  17084004  18970464  19486895  18480699 
"4096"   7728911  11289134  14573961  15396828  18779801  19416544  20384139  20678564  20803766  18883009  19050521 
"8192"   7261443  11145606  14246478  17622134  18706245  17888190  19186748  18747070  19692587  18534703  19048469  16316670 
"16384"   6222445  8818322  11497692  13300185  14522886  14785359  16300437  15197352  17137857  14772645  14284400  7501466  10793399 
"32768"   0  0  0  0  13139723  12346510  15500390  14487379  14799378  14505727  13567777  12145750  9335106 
"65536"   0  0  0  0  12452674  15261832  15394315  16277673  16282494  15723656  16680693  13597177  10632009 
"131072"   0  0  0  0  11126676  15587151  16735435  16569987  17600743  17429986  17478752  14918420  9701891 
"262144"   0  0  0  0  13409527  14713948  15709596  16587186  16701322  16722659  17114405  16874336  12001331 
"524288"   0  0  0  0  7893635  8128370  9963685  10526588  362043  11328350  10857079  12138314  9548482 

"Backward read report"
        "4"  "8"  "16"  "32"  "64"  "128"  "256"  "512"  "1024"  "2048"  "4096"  "8192"  "16384"
"64"   5860307  9318832  12902017  12902017  15972885 
"128"   7476717  9977956  14200794  14200794  15881078  21643049 
"256"   7791708  11569783  14953435  17096249  17096249  17096249  18259146 
"512"   8140399  13438092  15583417  19037014  23391616  18869737  19557124  20490142 
"1024"   7472033  12173747  16531459  20088179  19363647  20471166  21282686  20471166  21388672 
"2048"   7789164  11517657  18600754  19893055  16493549  17645509  21980064  17977882  17501701  18804350 
"4096"   6451792  12049235  15880734  18536646  19329161  19504720  19888580  20359982  19957894  19981106  19156735 
"8192"   7199064  11236730  15697939  16819875  20527913  19143987  21504328  21120984  20478973  18288074  12228510  12486251 
"16384"   7529411  8756521  13117393  12556535  16139646  17429080  16910128  14210553  9292938  11069849  4836060  5212811  5682674 
"32768"   0  0  0  0  17789594  19847337  20596876  20328783  16700145  9899227  5320326  4978444  4496199 
"65536"   0  0  0  0  17301187  21305382  23735646  24757517  23580894  20182219  9606478  5156622  4273080 
"131072"   0  0  0  0  17467090  21639835  23882899  25133066  26803228  25949252  11132309  4921417  4527205 
"262144"   0  0  0  0  19012559  23382518  25585028  26958854  29218391  28287764  22751589  4995877  4328380 
"524288"   0  0  0  0  17594183  21168919  25583780  27197523  27690343  24335760  17368506  5060067  4566051 

"Record rewrite report"
        "4"  "8"  "16"  "32"  "64"  "128"  "256"  "512"  "1024"  "2048"  "4096"  "8192"  "16384"
"64"   7100397  12902017  15972885  20962191  15972885 
"128"   8548124  12842051  14200794  14200794  16365173  11720614 
"256"   8271916  13454450  18259146  21558614  23441229  21134280  19591792 
"512"   8562340  13109944  17776344  22183443  23391616  22414989  22183443  20490142 
"1024"   7008693  13472053  17985196  22748081  23240448  23240448  23886714  23240448  21388672 
"2048"   7213548  12118884  16122077  23228237  22498183  23546602  23807646  22264924  19531203  16274804 
"4096"   8256354  12880338  17200411  19796907  20579482  17286949  22002745  22640669  21697077  19981106  14318876 
"8192"   8515834  12961998  17070568  20953542  21915814  20178308  23472881  23472881  23140898  21160006  18327093  15031784 
"16384"   8678010  13266805  16599686  19391434  23038536  21727378  22658713  21761781  22356480  18812792  14410206  11338340  10851347 
"32768"   0  0  0  0  23010785  22182579  23676753  23189380  22550178  16383613  18347686  11338158  9311704 
"65536"   0  0  0  0  22337253  23239974  24957577  25177028  25658815  23840636  23020046  18924721  9704836 
"131072"   0  0  0  0  25086045  23633410  25857713  25775274  26765385  25995879  23689422  21147052  10023113 
"262144"   0  0  0  0  25174963  24775043  25839364  27355250  26487359  26220172  24667767  22447347  11875596 
"524288"   0  0  0  0  22289173  20504897  26590428  27256855  27732598  27612805  26335353  23163753  13897303 

"Stride read report"
        "4"  "8"  "16"  "32"  "64"  "128"  "256"  "512"  "1024"  "2048"  "4096"  "8192"  "16384"
"64"   7100397  12902017  34389688  30484297  15972885 
"128"   8036304  15881078  20804356  31945770  21643049  18012359 
"256"   8271916  11695808  23441229  28401588  25684103  23441229  19591792 
"512"   8140399  14240069  15930214  28707488  28328790  26908901  23391616  25624554 
"1024"   7537599  12456195  14871477  19719260  27566176  27045423  24998980  24998980  21282686 
"2048"   7754008  11690076  14638464  20268568  19531203  24984852  26944106  25580074  20268568  18641120 
"4096"   8013724  12370246  15999048  21007275  19774121  22640669  23967260  23253568  23933871  23285086  19616073 
"8192"   8071718  12623876  16927599  19048469  21846143  21277939  23408914  25683653  25361377  25212499  18706245  12241580 
"16384"   6734030  9194710  13979290  12623425  19185707  18705256  19765118  17544775  24783372  20894964  14175377  7433306  5659275 
"32768"   0  0  0  0  18513274  21031834  24547905  23240356  20301757  25499797  21847591  7143468  4798376 
"65536"   0  0  0  0  19533947  22924056  26018264  25912796  26870295  24996159  27735172  10748836  4919708 
"131072"   0  0  0  0  20897855  24019594  26430814  27352660  27947803  27279368  16554020  14555431  5118397 
"262144"   0  0  0  0  19820374  24034193  27198934  28346106  30044744  25957709  27326695  6933578  5907611 
"524288"   0  0  0  0  17249161  19304273  26136281  28759760  29622536  30119560  28107632  8103867  6645546 

"Fwrite report"
        "4"  "8"  "16"  "32"  "64"  "128"  "256"  "512"  "1024"  "2048"  "4096"  "8192"  "16384"
"64"   6421025  10821524  5389653  3541098  15972885 
"128"   8548124  4934216  12842051  14200794  2511022  14200794 
"256"   8815202  11569783  12228612  15164624  18575017  1778290  17096249 
"512"   9145790  5566231  13522711  14146265  12797441  17069844  3388236  18229030 
"1024"   8391792  10662628  14820161  14668318  12790037  13998981  17688906  4609294  19363647 
"2048"   8531869  10620516  12187663  12561952  13138359  13660713  14638464  10726615  6416117  18129656 
"4096"   8695120  11378861  13299112  13735042  14787213  15046228  14954547  15287223  16195114  7555557  17148903 
"8192"   9362822  11889982  13816816  13816816  14735249  14474536  15224943  15144416  14002632  16254918  6838023  17241890 
"16384"   8437214  10176433  12721575  10965630  13802401  12932252  13094897  12045892  14002077  12554241  11889582  10258466  7750195 
"32768"   0  0  0  0  12854606  11820869  13271681  12579296  12790009  11994177  11058987  11156840  6837824 
"65536"   0  0  0  0  12272537  13323017  13624810  13896896  14102952  13614013  12961777  10371261  9988729 
"131072"   0  0  0  0  13030227  13632177  13129498  14386314  14723838  14812304  12390872  11076683  10039220 
"262144"   0  0  0  0  13075133  13835763  14413812  14609740  14878611  15141491  15020074  11890750  9206727 
"524288"   0  0  0  0  9176598  10470651  8990180  12055664  11998306  12163559  12086210  9929851  7683793 

"Re-Fwrite report"
        "4"  "8"  "16"  "32"  "64"  "128"  "256"  "512"  "1024"  "2048"  "4096"  "8192"  "16384"
"64"   5860307  12902017  12902017  34389688  15972885 
"128"   10779307  10567140  14200794  18012359  25804035  18637664 
"256"   6761355  11091721  14164395  16072608  23441229  21134280  16828306 
"512"   9681823  11620224  13109944  15143846  16417355  20490142  28328790  18869737 
"1024"   9220512  11903823  15295157  14618393  17402221  16789959  16789959  27744245  18689559 
"2048"   9308497  11706006  13301113  14514788  15883587  16001943  17360217  19486895  26610232  19355169 
"4096"   8981502  11704457  13658603  14524675  14787213  15692162  16179861  16585996  17733038  26077293  16458876 
"8192"   8216483  10738070  13839076  14031222  14450187  15313152  14628599  14792342  15367944  14979358  23408914  14468441 
"16384"   8086731  9610032  12001713  9357474  12662969  10749501  12961523  12143812  9793555  12467688  12642003  18553747  11345828 
"32768"   0  0  0  0  11911020  12352058  12327683  12333215  12091255  11758169  7998167  10701629  13043701 
"65536"   0  0  0  0  11945601  11415287  13220492  13616711  12910639  13490406  12206593  9703466  10107363 
"131072"   0  0  0  0  12867970  13369286  14279443  11135015  15149042  14877644  12614052  10304545  9408663 
"262144"   0  0  0  0  12842090  13948271  14242414  14949008  14813662  15272945  14623731  11140860  8741628 
"524288"   0  0  0  0  11677564  8680955  8949822  12635028  9759261  10078580  12144481  9623826  243056 

"Fread report"
        "4"  "8"  "16"  "32"  "64"  "128"  "256"  "512"  "1024"  "2048"  "4096"  "8192"  "16384"
"64"   9006179  15972885  15972885  15972885  20962191 
"128"   11720614  14200794  15881078  25804035  18012359  20804356 
"256"   13454450  16072608  21134280  18259146  19591792  23441229  19591792 
"512"   11683444  13872122  10856530  25624554  21303197  19736867  21303197  20490142 
"1024"   9655828  16531459  19629138  21713061  26876184  21282686  27045423  22276143  22748081 
"2048"   10037248  14417342  20079056  17940335  17977882  17501701  21325256  22796721  18970464  17050094 
"4096"   10691939  13126371  17955442  20192470  20481345  19865582  20905025  20168765  19981106  18202760  20287852 
"8192"   8934340  12759828  18922585  11251448  19840411  20788734  19932489  13587338  20285525  16552482  13861408  9882559 
"16384"   9899366  13711520  16049181  17845480  17341116  17929287  12402433  15693657  13700585  9097331  7046846  4230243  5278072 
"32768"   0  0  0  0  21613957  22143266  22111204  19388167  14674546  8580385  6477223  4820253  4428685 
"65536"   0  0  0  0  16396128  23422158  25501703  25570500  21340117  16003785  8808550  5053292  4480428 
"131072"   0  0  0  0  22287272  25008446  25706574  26047610  27989066  24453365  11810563  4962599  4452624 
"262144"   0  0  0  0  25109422  26831226  29293121  30052135  29785919  29348636  18214448  4985728  3910322 
"524288"   0  0  0  0  13324683  25627608  27557785  30533590  28039894  26109903  23632500  4846889  4565331 

"Re-Fread report"
        "4"  "8"  "16"  "32"  "64"  "128"  "256"  "512"  "1024"  "2048"  "4096"  "8192"  "16384"
"64"   12310336  15972885  20962191  15972885  30484297 
"128"   12842051  15881078  18012359  18637664  8548124  21643049 
"256"   12228612  15835569  18259146  19955913  21558614  19591792  21134280 
"512"   11683444  16543832  19736867  21303197  21303197  22183443  22183443  21303197 
"1024"   12037272  16789959  20088179  22276143  22276143  22276143  22276143  23366889  23240448 
"2048"   12187663  16915790  18763275  22264924  22498183  22264924  23228237  23041317  23546602  24074544 
"4096"   11940367  17063738  21110529  24833373  23285086  22760651  24237769  23967260  24237769  23702723  24549484 
"8192"   12137794  16819875  23748688  25512023  24166268  24389267  23748688  23537199  24829886  22141778  18172009  12522657 
"16384"   10995458  14801282  19839298  19908269  20977885  18204771  20612921  19529204  17826962  12632707  8380622  5981949  5730536 
"32768"   0  0  0  0  22980006  25030744  25400829  22247212  16515520  10656821  8287040  5185630  4644650 
"65536"   0  0  0  0  18794035  25670797  27768795  27995044  23676357  21716078  15780525  5989433  4725358 
"131072"   0  0  0  0  24467513  26559784  27552807  29063304  29694370  29152692  24815411  5503071  4518981 
"262144"   0  0  0  0  25460613  27292102  29040126  30731667  30616996  30093260  27725673  5540530  4642996 
"524288"   0  0  0  0  23145224  27087970  29667696  30649345  28624615  30707123  28814781  5319259  4692873 