iozone -a -b output.xlsx
	Iozone: Performance Test of File I/O
	        Version $Revision: 3.506 $
		Compiled for 64 bit mode.
		Build: linux 

	Contributors:William Norcott, Don Capps, Isom Crawford, Kirby Collins
	             Al Slater, Scott Rhine, Mike Wisner, Ken Goss
	             Steve Landherr, Brad Smith, Mark Kelly, Dr. Alain CYR,
	             Randy Dunlap, Mark Montague, Dan Million, Gavin Brebner,
	             Jean-Marc Zucconi, Jeff Blomberg, Benny Halevy, Dave Boone,
	             Erik Habbinga, Kris Strecker, Walter Wong, Joshua Root,
	             Fabrice Bacchella, Zhenghua Xue, Qin Li, Darren Sawyer,
	             Vangel Bojaxhi, Ben England, Vikentsi Lapa,
	             Alexey Skidanov, Sudhir Kumar.

	Run began: Tue Mar 11 12:44:22 2025

	Auto Mode
	Command line used: iozone -a -b output.xlsx
	Output is in kBytes/sec
	Time Resolution = 0.000001 seconds.
	Processor cache size set to 1024 kBytes.
	Processor cache line size set to 32 bytes.
	File stride size set to 17 * record size.
                                                                    random    random      bkwd     record     stride                                        
              kB  reclen    write    rewrite      read    reread      read     write      read    rewrite       read    fwrite  frewrite     fread   freread
              64       4    877797   5283570  12310336  12902017   8182586   5389653   5283570    5389653    7940539   5860307   7100397   9006179   9006179
              64       8   4643754  10821524  20962191  20962191  15972885   7100397  10402178   10821524   10821524   8182586  12902017  12902017  15972885
              64      16   6421025  10821524  30484297  30484297  20962191  15972885  10402178   12902017   15972885  10821524  12902017  15972885  22737791
              64      32   7293312  12902017  34389688  34389688  20962191  10821524  15972885   15972885   20962191  12902017  20962191  22737791  20962191
              64      64   7100397  12902017  64000000  64000000  30484297  15972885  12902017   12902017   12902017  12902017  15972885  15972885  20962191
             128       4   3199360   9129573  12842051  12842051   8548124   7082197   7917784    8548124    8036304   9129573   7917784  10779307  11720614
             128       8   6727225  14200794  18012359  20804356  14200794  10567140  10567140   11470204   15881078  11720614  10779307  14200794  14200794
             128      16   7582312  15881078  25804035  20804356  15881078  11720614  12542043   15881078   21643049  14200794  14200794  15881078  18637664
             128      32   7476717  16365173  25804035  25804035  21643049  14200794  14200794   18637664   25804035  14200794  18012359  18012359  18637664
             128      64   7582312  18637664  31945770  25804035  31945770  14200794  21643049   18637664   21643049   9129573  31945770  21643049  18012359
             128     128   7917784  18012359  33966926  31945770  21643049  15881078  16365173   14200794   18012359  15881078  18012359  18637664  25804035
             256       4   4117018   9434868  12812277  12090911   6891544   6891544   8024634    8534922    8208677   8815202   8815202  11207494  12228612
             256       8   7314033  13454450  17096249  18259146  14953435   9868433   5022044   12812277   12812277  11207494  11569783  16072608  16072608
             256      16   8208677  16072608  21558614  21558614  17096249  12812277  14953435   17096249   21558614  13454450  14164395  19955913  21134280
             256      32   8534922  15835569  23441229  25684103  19591792  14953435  17096249   21558614   25084087  14353744  14164395  19591792  21134280
             256      64   8815202  16828306  23441229  25684103  21558614  17096249  18259146   19591792   25684103  17096249  18259146  19591792  18259146
             256     128   8271916  18575017  11091721  28401588  28401588  17096249  18259146   19955913   25684103  10245071  25684103  19955913  19955913
             256     256   8888172  18259146  31762157  31762157  23441229  16828306  18259146   19591792   19955913  17096249  17096249  21558614  23441229
             512       4   5164632   9638369  12427157  12427157   9145790   5886650   8265729    8665997    8394979   8992598   8992598  11877300  11877300
             512       8   7647578  12797441  17776344  17776344  12797441  10434519  12146009   13109944   12499490  11374040  11943357  16543832  17069844
             512      16   8665997  16049269  20490142  21516644  20490142  12797441  16049269   18385093   16543832  13783088  14628067  20490142  20490142
             512      32   9145790  17630404  15930214  23139567  25624554  15930214  18869737   22183443   26908901  14628067  11877300  21303197  23139567
             512      64   8234036  18869737  24457224  24181823  26908901  17069844  20490142   23391616   25624554  16543832  12215097  22183443  19037014
             512     128   8265729  14628067  22183443  24457224  20490142  16417355  19037014   19736867   25624554  15471149  17630404  22414989  23391616
             512     256   9145790  18229030  18869737  27250360  28328790  17630404  19736867   18869737   23139567  14240069  24457224  22183443  22183443
             512     512   9304292  18229030  30329249  30329249  24457224  18229030  21303197   18385093   21303197  18869737  19037014  23391616  24457224
            1024       4   4949226   8914314  12492426  12790037   8000971   7356843   8525047    8662601    8391792   9220512   8593274  12492426  12492426
            1024       8   8061038  13305116  18689559  18608584  13472053  10429596  12944224   13142265   13305116  12037272  12208350  17985196  17985196
            1024      16   8970167  16219316  22276143  22748081  20088179  13472053  17331995   18608584   17688906  13998981  14422045  22276143  21823389
            1024      32   9485232  18608584  25594883  26219889  25594883  15743686  23886714   22276143   22748081  14183905  15080341  24854315  25594883
            1024      64   9381637  18936769  24430194  25594883  22748081  17616353  21282686   22748081   27744245  15977962  16531459  23754601  23754601
            1024     128   9765601  18936769  24854315  25594883  27744245  18608584  23886714   22748081   26876184  15743686  17331995  24998980  24854315
            1024     256   9832672  19363647  26219889  27045423  28480139  18936769  23240448   22748081   24998980  17985196  19629138  24292018  24430194
            1024     512   9832672  19719260  27045423  26876184  26219889  19276739  20471166   22276143   28480139  15295157  27566176  25594883  26380939
            1024    1024   9064828  19719260  29256135  29256135  24998980  19363647  24292018   18936769   24430194  19719260  19719260  24854315  25748325
            2048       4   5306340  10037248  11900619  13138359   8987113   7419150   8600205    8431376    8431376   9483197   8793903  12561952  12882215
            2048       8   7761014  13836752  17940335  17501701  13384011  11440955  13467949   13198923   13219235  12118884  11642543  18284015  18480699
            2048      16   8678404  16399085  22979678  23546602  20079056  14321195  17828628   18600754   18091473  14539356  14514788  22979678  23546602
            2048      32   9841749  18970464  26944106  27637635  25580074  16001943  22498183   22498183   19355169  14840791  15289867  26610232  26944106
            2048      64   9389900  19139540  25353571  26204348  26610232  18091473  22979678   23807646   23807646  16122077  16525279  24984852  25278959
            2048     128   9349021  17221003  25966707  26610232  27637635  19893055  24074544   23807646   28089517  15048789  16621207  25278959  22979678
            2048     256  10131961  16783585  26610232  24984852  25966707  19710468  25278959   24142206   28461804  16949167  17940335  25888448  26284531
            2048     512  10240672  20316506  27286464  27726845  29640323  19710468  26204348   24142206   29236787  13748169  20268568  26284531  27637635
            2048    1024  10192069  20079056  28461804  28844090  23807646  20079056  25888448   22207363   27637635  15154989  27726845  26610232  26944106
            2048    2048   5800851  13489098  25580074  28844090  28844090  19486895  23807646   20079056   24626703  19139540  19893055  24697509  25278959
            4096       4   4485833   9042961   9966244  11539362   8655693   7499487   7983931    8535284    8393502   9222577   8986200  11874344  12117223
            4096       8   7816828  12040791  14787213  17569819  13476460  10895362  12643359   13166611   12958059  12049235  11948672  15999048  17217649
            4096      16   8902382  13340420  21007275  21560926  19683498  14366773  16585996   18883009   18202760  13834587  13980948  21110529  22144551
            4096      32   8497289  17733038  21669709  24101756  24237769  17148903  20074497   23159527   21560926  14165392  14378797  22881911  23967260
            4096      64   9729195  17955442  23412013  24067991  25458986  19050521  21214804   24237769   22521946  15939671  15749706  23670066  23540333
            4096     128   9414629  18616995  20287852  23412013  25764430  19593701  22259318   23128348   23159527  15059417  15396828  23004469  22640669
            4096     256   9989424  19221033  23670066  24237769  27321427  20481345  22610871   23834258   27321427  15692162  16443123  23967260  25458986
            4096     512   9663524  19416544  23702723  23933871  27496338  20778605  23004469   21669709   27496338  16996213  17427236  23412013  24514454
            4096    1024   9773474  19706075  24655179  25271734  28265396  21110529  22030961   23801238   26935898  17733038  19504720  24375326  25764430
            4096    2048   9529517  18358372  24690613  27278046  24797528  20359982  22640669   22116044   25764430  13845736  25123904  22259318  24833373
            4096    4096   7656576   8047509  24977794  28080596  25764430  18536646  19981106   18779801   22259318  17899319  16650294  22760651  24977794
            8192       4   5220412   8315913   9536939  11284706   8234205   7282991   7537004    8677127    8134781   9447779   8242105  11116757  12103589
            8192       8   7148143  10343693  13449061  16155560  12391686  10908526  11174604   14077211   11755738  12031539  10015063  14170099  16616521
            8192      16   8856046  14077211  14684868  21277939  16754263  14498968  15784476   18829258   16886004  14395699  13701116  16927599  19090804
            8192      32   9121717  15137744  19316184  24166268  20940772  17138687  19840411   24031054   21971871  15367944  13318731  21626142  25588019
            8192      64   9481672  11873547  18625125  26014226  20851814  18047922  20738544   24166268   21957830  15251975  14572760  20131019  23140898
            8192     128   9931117  18534703  20381790  23001477  22878950  17925519  19272845   22894195   22563442  14998975  15111114  17541167  23282020
            8192     256   9362822  17694735  19316184  24811956  23001477  19502569  21957830   24598796   22757722  13170677  16254918  18038447  26252742
            8192     512   8790341  16584440  21160006  25120335  23345295  19828962  21437244   24687166   26680840  14597525  16224216  10463389  22940050
            8192    1024   9458182  12879400  20119231  24234447  23203407  18455061  20527913   23683211   27037759  15755524  16027449  20839167  23814529
            8192    2048   9163071  17036712  20589418  25047088  21004779  19283661  17972400   22578268   25212499  16347723  16894307  19283661  23408914
            8192    4096   8000301  15084578  16994579  18162403  14419865  17181538  12563868   18706245   16355505  12527222  24974266  13496606  19783294
            8192    8192   6580049  15111114  14998975  13085407  12280959  16095019  11554130   16285735   11222050  15548759  11889982   9603578  11266205
           16384       4   5582045   8372454  10930746  11368351   6120472   5826249   7724061    8977298    7046846   8316724   6673215  10652851  11924656
           16384       8   6601417  10503059  13872057  15281842   9880862   8283641  10908189   12604902   10252345  10509484   8673628  13640755  15798286
           16384      16   7746700  13137455  14065126  19668946  13945248  11828188  13119898   18473942   14461760  12929819  11803808  17284415  19207157
           16384      32   7692072  13605646  17657478  20606740  16401590  13472278  13849691   21415904   17808483   8208441  11221694  15769284  20557424
           16384      64   8287637  13643463  15214175  15783772  17451210  14434421  14359019   22885089   18061231  13654307  12346725  16737147  19839298
           16384     128   8359214  12749898  17284415  20582053  19742405  15326149  16926789   22984596   13908556  11711273  11864948  15665037  19787884
           16384     256   8307675  11121805  15740388  18224083  17206514  14125842  15100507   22976911   19714086  12859651  12366722  17808483   9863842
           16384     512   7631422  13629933  13769215  19180352  18598941  15312489  17376195   23343754   11102041  12554241  11856759  15241170  18142291
           16384    1024   8316724  13722472  12329004  14590724  14172454  15860271  12182564   21139213   24448319  13266805  12869284  13117393  15922745
           16384    2048   7907146  13409186   9559234  11252933   9887970  14410206   6737331   19185707   19691490  12929819  11735272  10220324  13107385
           16384    4096   6511962  11520824   7013761   8184002   7609451  13440658   6736671   15922745   13967924  13127416   8533606   6213443   8406252
           16384    8192   4805959  10304615   5960159   6485535   4778223  11377762   5080244   11377762    6852209  14868534  16700539   4912813   5803614
           16384   16384   3573406  10503059   5525936   5642083   5031885  11291763   5479669   11645778    5437611  11345828  11138029   4769600   5376771
           32768      64   4104762  11976409  18874295  21502367  16458166  12038301  16424730   24512879   18745580  11720067  11160464  18735359  21499003
           32768     128   7972649  13563760  16165854  23406590  20076373  13814618  18822598   22410452   21573245  12337643  11749122  20727338  22243611
           32768     256   6750835  14057654  20922974  23126947  21613957  14435643  19821575   23742194   22333976  12516290  12346510  20872135  24746806
           32768     512   8402040  12087002  14936085  24693451  22539083  14845737  20818388   24618258   23173740  12830605  12876283  18153808  19773096
           32768    1024   8285541  14701231  15267931  13774466  16565285  14873048  15327526   23142524   19573163   9752419  12871460  13997522  17336317
           32768    2048   8163006  14003227  10088887  11766222  11686185  15045635  10449401   22960811   27699382   9603858  13043701   9437669  11525466
           32768    4096   6601039  12034085   5623569   6839526   7754045  13631022   5240400   17693407   19377233  10988254  10392512   5080395   6773125
           32768    8192   5167692  10996166   5639028   5610026   6230853  12259507   4923690   13123412    7865427  11021739  10042445   4846600   5495402
           32768   16384   4001389   9381622   4686621   4950648   4983679  10204999   4644022    9290932    4957255   8731379  13722206   4521642   4390206
           65536      64   5427349  14158159  22313681  23900752  17490538  13941300  14595696   24973449   20608930  12992410  12617872  22155413  24165503
           65536     128   8612055  13462656  22390018  26520314  22171496  15237298  22337253   24317288   23952819  12521310  13336592  24626652  26682497
           65536     256   9227866  16298907  25480428  27582105  25649238  17035276  24353915   25014356   26119629  14175682  11981006  25062251  27839104
           65536     512   9085729  16869050  22685674  28744483  26574156  16926182  25005254   25186256   27103448  14105847  14396936  25110330  28741477
           65536    1024   9040607  16659463  24184638  27297240  25996118  17471639  24255062   25520644   27148956  14743658  14399953  24015601  27477333
           65536    2048   9418850  16960646  17264242  20938602  20878168  17589027  21374965   26161891   24946252  15135777  14888198  17089289  21381616
           65536    4096   8289240  16955415  11031384  14213064  14375101  17798586  12206593   23306972   29011455  12643990  13097029  10613126  14987231
           65536    8192   6723722  13363824   4734963   6012491   5686955  15894587   5317733   16808192    8236336  11145895  10219343   5003164   6004741
           65536   16384   4414375   9567025   4634455   4892214   4678469  10193572   4387530    9324910    4744853  10789763   9650322   4586434   4776348
          131072      64   4764005  13646051  22672394  24345077  18111594  13513887  17898723   24554941   18974235  12592094  12527247  21274716  23766229
          131072     128   8906850  15555396  24385032  26942467  21936877  15180835  21690208   24517708   23913025  13527853  13444484  24619820  26695202
          131072     256   9470579  16231922  27052508  28863412  25534638  16155601  24641891   26140501   25740276  14136244  13824490  26683541  28505721
          131072     512   9570823  17044680  27272602  29755444  27525217  17053140  26876608   26527744   28013312  14715561  14439972  27238820  29667129
          131072    1024   8949333  17022514  28097785  30132182  27881186  17190180  26668008   26958321   28550133  14941937  14539263  27559713  29823240
          131072    2048   8826483  16412676  27392184  29185193  27318680  16665425  22866660   27024581   27711134  14237655  13807130  27525217  29361328
          131072    4096   9039537  16252075  19548398  25176804  25298455  17595673  16080465   26032809   21772675  14356259  14205280  15294443  25190648
          131072    8192   7400649  15026067   5424500   5874789   5625435  15775003   5238273   17434408    9632704  10891903  10352474   4963719   5736733
          131072   16384   5532812  10038487   4620580   4706216   4765368  10428275   4529406   10825202    5330717  10024575   8673442   4516753   4598704
          262144      64   4875281  12311759  23839818  24270276  17687328    528003  18589220   25213642   18336866  13376085  12935764  23796477  23909284
          262144     128   8839242  15526139  25187073  27103058  22384282  14644962  21949491   24989578   23627218  13781137  13543151  25891083  26735971
          262144     256   9520668  16731311  28343183  29110862  25411185  15550294  26227678   26634936   24800749  14068741  14415324  28346106  28917922
          262144     512   7386668  17139215  27409122  30148546  28081858  16554720  26391357   27585162   28244890  15169484  14613041  28346106  30204035
          262144    1024   9842129  17669421  27184812  30017676  28693037  16859329  28340261   27588623   25996374  15120668  14923443  28297228  30386003
          262144    2048   9499282  17277105  27202298  30315628  29264274  16770868  26463134   27565106   28636988  15399580  14957549  27089703  30124591
          262144    4096   9598127  17783161  18498523  28640718  26670470  16911451  10666709   24966314   24909188  14244628  14806082  17351539  27611486
          262144    8192   8645875  16372791   4923264   5532195   5712822  17004561   4843582   22183761    6910351  11889079  11219986   4963827   5379510
          262144   16384   5744220  11941763   4542820   4779637   4710911  12826959   4494851   11989160    5990883   9886289   9584071   4533399   4710325
          524288      64   2909073   8795009  25201161  24663010  18316370   8091968  18652734   25568906   19429466  11344070   1915047  24627104  25867877
          524288     128   5467421  11914317  26677202  26228868  21908337  10717072  23311825   24400297   22963948  11151301   8988930  22490234  27541908
          524288     256   6593816    251941  29373258  29763667  25535355  11638935  25334134   26433806   26222300  12166453  11976611  28571431  29723035
          524288     512   7232063  13857980  29284853  29899643  27217384  11252471  14248579   26527557   28108710  11797410  12382807  30155907  30503095
          524288    1024   6517269  14597986  30755653  31039568  28415262   9709234  18432284   26651336   28852966   9345940  12189923  29733484  30865734
          524288    2048   6622889  10273946  26031089  29268483  29352086   9005753  25800197   26092864   29721428  11980199  12123926  27659693  30262146
          524288    4096   5937516  14128381  23250943  26186702  25530315   9003099  17648122   25711809   27685811  11464841  11669260  15862557  26994531
          524288    8192   5882229  12686930   4971107   5424599   5316507  12083753   4665275   22418925    7763985   9601471   8491033   4960063   5327313
          524288   16384   4376106  11234879   4526585   4700657   4694396   8410816   4545946   13478552    5958495   7912836   6717594   4394769   4718419

iozone test complete.
Timer resolution is poor. Some small transfers may have 
reported inaccurate results. Sizes 64 kBytes and below.
Excel output is below:

"Writer report"
        "4"  "8"  "16"  "32"  "64"  "128"  "256"  "512"  "1024"  "2048"  "4096"  "8192"  "16384"
"64"   877797  4643754  6421025  7293312  7100397 
"128"   3199360  6727225  7582312  7476717  7582312  7917784 
"256"   4117018  7314033  8208677  8534922  8815202  8271916  8888172 
"512"   5164632  7647578  8665997  9145790  8234036  8265729  9145790  9304292 
"1024"   4949226  8061038  8970167  9485232  9381637  9765601  9832672  9832672  9064828 
"2048"   5306340  7761014  8678404  9841749  9389900  9349021  10131961  10240672  10192069  5800851 
"4096"   4485833  7816828  8902382  8497289  9729195  9414629  9989424  9663524  9773474  9529517  7656576 
"8192"   5220412  7148143  8856046  9121717  9481672  9931117  9362822  8790341  9458182  9163071  8000301  6580049 
"16384"   5582045  6601417  7746700  7692072  8287637  8359214  8307675  7631422  8316724  7907146  6511962  4805959  3573406 
"32768"   0  0  0  0  4104762  7972649  6750835  8402040  8285541  8163006  6601039  5167692  4001389 
"65536"   0  0  0  0  5427349  8612055  9227866  9085729  9040607  9418850  8289240  6723722  4414375 
"131072"   0  0  0  0  4764005  8906850  9470579  9570823  8949333  8826483  9039537  7400649  5532812 
"262144"   0  0  0  0  4875281  8839242  9520668  7386668  9842129  9499282  9598127  8645875  5744220 
"524288"   0  0  0  0  2909073  5467421  6593816  7232063  6517269  6622889  5937516  5882229  4376106 

"Re-writer report"
        "4"  "8"  "16"  "32"  "64"  "128"  "256"  "512"  "1024"  "2048"  "4096"  "8192"  "16384"
"64"   5283570  10821524  10821524  12902017  12902017 
"128"   9129573  14200794  15881078  16365173  18637664  18012359 
"256"   9434868  13454450  16072608  15835569  16828306  18575017  18259146 
"512"   9638369  12797441  16049269  17630404  18869737  14628067  18229030  18229030 
"1024"   8914314  13305116  16219316  18608584  18936769  18936769  19363647  19719260  19719260 
"2048"   10037248  13836752  16399085  18970464  19139540  17221003  16783585  20316506  20079056  13489098 
"4096"   9042961  12040791  13340420  17733038  17955442  18616995  19221033  19416544  19706075  18358372  8047509 
"8192"   8315913  10343693  14077211  15137744  11873547  18534703  17694735  16584440  12879400  17036712  15084578  15111114 
"16384"   8372454  10503059  13137455  13605646  13643463  12749898  11121805  13629933  13722472  13409186  11520824  10304615  10503059 
"32768"   0  0  0  0  11976409  13563760  14057654  12087002  14701231  14003227  12034085  10996166  9381622 
"65536"   0  0  0  0  14158159  13462656  16298907  16869050  16659463  16960646  16955415  13363824  9567025 
"131072"   0  0  0  0  13646051  15555396  16231922  17044680  17022514  16412676  16252075  15026067  10038487 
"262144"   0  0  0  0  12311759  15526139  16731311  17139215  17669421  17277105  17783161  16372791  11941763 
"524288"   0  0  0  0  8795009  11914317  251941  13857980  14597986  10273946  14128381  12686930  11234879 

"Reader report"
        "4"  "8"  "16"  "32"  "64"  "128"  "256"  "512"  "1024"  "2048"  "4096"  "8192"  "16384"
"64"   12310336  20962191  30484297  34389688  64000000 
"128"   12842051  18012359  25804035  25804035  31945770  33966926 
"256"   12812277  17096249  21558614  23441229  23441229  11091721  31762157 
"512"   12427157  17776344  20490142  15930214  24457224  22183443  18869737  30329249 
"1024"   12492426  18689559  22276143  25594883  24430194  24854315  26219889  27045423  29256135 
"2048"   11900619  17940335  22979678  26944106  25353571  25966707  26610232  27286464  28461804  25580074 
"4096"   9966244  14787213  21007275  21669709  23412013  20287852  23670066  23702723  24655179  24690613  24977794 
"8192"   9536939  13449061  14684868  19316184  18625125  20381790  19316184  21160006  20119231  20589418  16994579  14998975 
"16384"   10930746  13872057  14065126  17657478  15214175  17284415  15740388  13769215  12329004  9559234  7013761  5960159  5525936 
"32768"   0  0  0  0  18874295  16165854  20922974  14936085  15267931  10088887  5623569  5639028  4686621 
"65536"   0  0  0  0  22313681  22390018  25480428  22685674  24184638  17264242  11031384  4734963  4634455 
"131072"   0  0  0  0  22672394  24385032  27052508  27272602  28097785  27392184  19548398  5424500  4620580 
"262144"   0  0  0  0  23839818  25187073  28343183  27409122  27184812  27202298  18498523  4923264  4542820 
"524288"   0  0  0  0  25201161  26677202  29373258  29284853  30755653  26031089  23250943  4971107  4526585 

"Re-Reader report"
        "4"  "8"  "16"  "32"  "64"  "128"  "256"  "512"  "1024"  "2048"  "4096"  "8192"  "16384"
"64"   12902017  20962191  30484297  34389688  64000000 
"128"   12842051  20804356  20804356  25804035  25804035  31945770 
"256"   12090911  18259146  21558614  25684103  25684103  28401588  31762157 
"512"   12427157  17776344  21516644  23139567  24181823  24457224  27250360  30329249 
"1024"   12790037  18608584  22748081  26219889  25594883  25594883  27045423  26876184  29256135 
"2048"   13138359  17501701  23546602  27637635  26204348  26610232  24984852  27726845  28844090  28844090 
"4096"   11539362  17569819  21560926  24101756  24067991  23412013  24237769  23933871  25271734  27278046  28080596 
"8192"   11284706  16155560  21277939  24166268  26014226  23001477  24811956  25120335  24234447  25047088  18162403  13085407 
"16384"   11368351  15281842  19668946  20606740  15783772  20582053  18224083  19180352  14590724  11252933  8184002  6485535  5642083 
"32768"   0  0  0  0  21502367  23406590  23126947  24693451  13774466  11766222  6839526  5610026  4950648 
"65536"   0  0  0  0  23900752  26520314  27582105  28744483  27297240  20938602  14213064  6012491  4892214 
"131072"   0  0  0  0  24345077  26942467  28863412  29755444  30132182  29185193  25176804  5874789  4706216 
"262144"   0  0  0  0  24270276  27103058  29110862  30148546  30017676  30315628  28640718  5532195  4779637 
"524288"   0  0  0  0  24663010  26228868  29763667  29899643  31039568  29268483  26186702  5424599  4700657 

"Random read report"
        "4"  "8"  "16"  "32"  "64"  "128"  "256"  "512"  "1024"  "2048"  "4096"  "8192"  "16384"
"64"   8182586  15972885  20962191  20962191  30484297 
"128"   8548124  14200794  15881078  21643049  31945770  21643049 
"256"   6891544  14953435  17096249  19591792  21558614  28401588  23441229 
"512"   9145790  12797441  20490142  25624554  26908901  20490142  28328790  24457224 
"1024"   8000971  13472053  20088179  25594883  22748081  27744245  28480139  26219889  24998980 
"2048"   8987113  13384011  20079056  25580074  26610232  27637635  25966707  29640323  23807646  28844090 
"4096"   8655693  13476460  19683498  24237769  25458986  25764430  27321427  27496338  28265396  24797528  25764430 
"8192"   8234205  12391686  16754263  20940772  20851814  22878950  23001477  23345295  23203407  21004779  14419865  12280959 
"16384"   6120472  9880862  13945248  16401590  17451210  19742405  17206514  18598941  14172454  9887970  7609451  4778223  5031885 
"32768"   0  0  0  0  16458166  20076373  21613957  22539083  16565285  11686185  7754045  6230853  4983679 
"65536"   0  0  0  0  17490538  22171496  25649238  26574156  25996118  20878168  14375101  5686955  4678469 
"131072"   0  0  0  0  18111594  21936877  25534638  27525217  27881186  27318680  25298455  5625435  4765368 
"262144"   0  0  0  0  17687328  22384282  25411185  28081858  28693037  29264274  26670470  5712822  4710911 
"524288"   0  0  0  0  18316370  21908337  25535355  27217384  28415262  29352086  25530315  5316507  4694396 

"Random write report"
        "4"  "8"  "16"  "32"  "64"  "128"  "256"  "512"  "1024"  "2048"  "4096"  "8192"  "16384"
"64"   5389653  7100397  15972885  10821524  15972885 
"128"   7082197  10567140  11720614  14200794  14200794  15881078 
"256"   6891544  9868433  12812277  14953435  17096249  17096249  16828306 
"512"   5886650  10434519  12797441  15930214  17069844  16417355  17630404  18229030 
"1024"   7356843  10429596  13472053  15743686  17616353  18608584  18936769  19276739  19363647 
"2048"   7419150  11440955  14321195  16001943  18091473  19893055  19710468  19710468  20079056  19486895 
"4096"   7499487  10895362  14366773  17148903  19050521  19593701  20481345  20778605  21110529  20359982  18536646 
"8192"   7282991  10908526  14498968  17138687  18047922  17925519  19502569  19828962  18455061  19283661  17181538  16095019 
"16384"   5826249  8283641  11828188  13472278  14434421  15326149  14125842  15312489  15860271  14410206  13440658  11377762  11291763 
"32768"   0  0  0  0  12038301  13814618  14435643  14845737  14873048  15045635  13631022  12259507  10204999 
"65536"   0  0  0  0  13941300  15237298  17035276  16926182  17471639  17589027  17798586  15894587  10193572 
"131072"   0  0  0  0  13513887  15180835  16155601  17053140  17190180  16665425  17595673  15775003  10428275 
"262144"   0  0  0  0  528003  14644962  15550294  16554720  16859329  16770868  16911451  17004561  12826959 
"524288"   0  0  0  0  8091968  10717072  11638935  11252471  9709234  9005753  9003099  12083753  8410816 

"Backward read report"
        "4"  "8"  "16"  "32"  "64"  "128"  "256"  "512"  "1024"  "2048"  "4096"  "8192"  "16384"
"64"   5283570  10402178  10402178  15972885  12902017 
"128"   7917784  10567140  12542043  14200794  21643049  16365173 
"256"   8024634  5022044  14953435  17096249  18259146  18259146  18259146 
"512"   8265729  12146009  16049269  18869737  20490142  19037014  19736867  21303197 
"1024"   8525047  12944224  17331995  23886714  21282686  23886714  23240448  20471166  24292018 
"2048"   8600205  13467949  17828628  22498183  22979678  24074544  25278959  26204348  25888448  23807646 
"4096"   7983931  12643359  16585996  20074497  21214804  22259318  22610871  23004469  22030961  22640669  19981106 
"8192"   7537004  11174604  15784476  19840411  20738544  19272845  21957830  21437244  20527913  17972400  12563868  11554130 
"16384"   7724061  10908189  13119898  13849691  14359019  16926789  15100507  17376195  12182564  6737331  6736671  5080244  5479669 
"32768"   0  0  0  0  16424730  18822598  19821575  20818388  15327526  10449401  5240400  4923690  4644022 
"65536"   0  0  0  0  14595696  22337253  24353915  25005254  24255062  21374965  12206593  5317733  4387530 
"131072"   0  0  0  0  17898723  21690208  24641891  26876608  26668008  22866660  16080465  5238273  4529406 
"262144"   0  0  0  0  18589220  21949491  26227678  26391357  28340261  26463134  10666709  4843582  4494851 
"524288"   0  0  0  0  18652734  23311825  25334134  14248579  18432284  25800197  17648122  4665275  4545946 

"Record rewrite report"
        "4"  "8"  "16"  "32"  "64"  "128"  "256"  "512"  "1024"  "2048"  "4096"  "8192"  "16384"
"64"   5389653  10821524  12902017  15972885  12902017 
"128"   8548124  11470204  15881078  18637664  18637664  14200794 
"256"   8534922  12812277  17096249  21558614  19591792  19955913  19591792 
"512"   8665997  13109944  18385093  22183443  23391616  19736867  18869737  18385093 
"1024"   8662601  13142265  18608584  22276143  22748081  22748081  22748081  22276143  18936769 
"2048"   8431376  13198923  18600754  22498183  23807646  23807646  24142206  24142206  22207363  20079056 
"4096"   8535284  13166611  18883009  23159527  24237769  23128348  23834258  21669709  23801238  22116044  18779801 
"8192"   8677127  14077211  18829258  24031054  24166268  22894195  24598796  24687166  23683211  22578268  18706245  16285735 
"16384"   8977298  12604902  18473942  21415904  22885089  22984596  22976911  23343754  21139213  19185707  15922745  11377762  11645778 
"32768"   0  0  0  0  24512879  22410452  23742194  24618258  23142524  22960811  17693407  13123412  9290932 
"65536"   0  0  0  0  24973449  24317288  25014356  25186256  25520644  26161891  23306972  16808192  9324910 
"131072"   0  0  0  0  24554941  24517708  26140501  26527744  26958321  27024581  26032809  17434408  10825202 
"262144"   0  0  0  0  25213642  24989578  26634936  27585162  27588623  27565106  24966314  22183761  11989160 
"524288"   0  0  0  0  25568906  24400297  26433806  26527557  26651336  26092864  25711809  22418925  13478552 

"Stride read report"
        "4"  "8"  "16"  "32"  "64"  "128"  "256"  "512"  "1024"  "2048"  "4096"  "8192"  "16384"
"64"   7940539  10821524  15972885  20962191  12902017 
"128"   8036304  15881078  21643049  25804035  21643049  18012359 
"256"   8208677  12812277  21558614  25084087  25684103  25684103  19955913 
"512"   8394979  12499490  16543832  26908901  25624554  25624554  23139567  21303197 
"1024"   8391792  13305116  17688906  22748081  27744245  26876184  24998980  28480139  24430194 
"2048"   8431376  13219235  18091473  19355169  23807646  28089517  28461804  29236787  27637635  24626703 
"4096"   8393502  12958059  18202760  21560926  22521946  23159527  27321427  27496338  26935898  25764430  22259318 
"8192"   8134781  11755738  16886004  21971871  21957830  22563442  22757722  26680840  27037759  25212499  16355505  11222050 
"16384"   7046846  10252345  14461760  17808483  18061231  13908556  19714086  11102041  24448319  19691490  13967924  6852209  5437611 
"32768"   0  0  0  0  18745580  21573245  22333976  23173740  19573163  27699382  19377233  7865427  4957255 
"65536"   0  0  0  0  20608930  23952819  26119629  27103448  27148956  24946252  29011455  8236336  4744853 
"131072"   0  0  0  0  18974235  23913025  25740276  28013312  28550133  27711134  21772675  9632704  5330717 
"262144"   0  0  0  0  18336866  23627218  24800749  28244890  25996374  28636988  24909188  6910351  5990883 
"524288"   0  0  0  0  19429466  22963948  26222300  28108710  28852966  29721428  27685811  7763985  5958495 

"Fwrite report"
        "4"  "8"  "16"  "32"  "64"  "128"  "256"  "512"  "1024"  "2048"  "4096"  "8192"  "16384"
"64"   5860307  8182586  10821524  12902017  12902017 
"128"   9129573  11720614  14200794  14200794  9129573  15881078 
"256"   8815202  11207494  13454450  14353744  17096249  10245071  17096249 
"512"   8992598  11374040  13783088  14628067  16543832  15471149  14240069  18869737 
"1024"   9220512  12037272  13998981  14183905  15977962  15743686  17985196  15295157  19719260 
"2048"   9483197  12118884  14539356  14840791  16122077  15048789  16949167  13748169  15154989  19139540 
"4096"   9222577  12049235  13834587  14165392  15939671  15059417  15692162  16996213  17733038  13845736  17899319 
"8192"   9447779  12031539  14395699  15367944  15251975  14998975  13170677  14597525  15755524  16347723  12527222  15548759 
"16384"   8316724  10509484  12929819  8208441  13654307  11711273  12859651  12554241  13266805  12929819  13127416  14868534  11345828 
"32768"   0  0  0  0  11720067  12337643  12516290  12830605  9752419  9603858  10988254  11021739  8731379 
"65536"   0  0  0  0  12992410  12521310  14175682  14105847  14743658  15135777  12643990  11145895  10789763 
"131072"   0  0  0  0  12592094  13527853  14136244  14715561  14941937  14237655  14356259  10891903  10024575 
"262144"   0  0  0  0  13376085  13781137  14068741  15169484  15120668  15399580  14244628  11889079  9886289 
"524288"   0  0  0  0  11344070  11151301  12166453  11797410  9345940  11980199  11464841  9601471  7912836 

"Re-Fwrite report"
        "4"  "8"  "16"  "32"  "64"  "128"  "256"  "512"  "1024"  "2048"  "4096"  "8192"  "16384"
"64"   7100397  12902017  12902017  20962191  15972885 
"128"   7917784  10779307  14200794  18012359  31945770  18012359 
"256"   8815202  11569783  14164395  14164395  18259146  25684103  17096249 
"512"   8992598  11943357  14628067  11877300  12215097  17630404  24457224  19037014 
"1024"   8593274  12208350  14422045  15080341  16531459  17331995  19629138  27566176  19719260 
"2048"   8793903  11642543  14514788  15289867  16525279  16621207  17940335  20268568  27726845  19893055 
"4096"   8986200  11948672  13980948  14378797  15749706  15396828  16443123  17427236  19504720  25123904  16650294 
"8192"   8242105  10015063  13701116  13318731  14572760  15111114  16254918  16224216  16027449  16894307  24974266  11889982 
"16384"   6673215  8673628  11803808  11221694  12346725  11864948  12366722  11856759  12869284  11735272  8533606  16700539  11138029 
"32768"   0  0  0  0  11160464  11749122  12346510  12876283  12871460  13043701  10392512  10042445  13722206 
"65536"   0  0  0  0  12617872  13336592  11981006  14396936  14399953  14888198  13097029  10219343  9650322 
"131072"   0  0  0  0  12527247  13444484  13824490  14439972  14539263  13807130  14205280  10352474  8673442 
"262144"   0  0  0  0  12935764  13543151  14415324  14613041  14923443  14957549  14806082  11219986  9584071 
"524288"   0  0  0  0  1915047  8988930  11976611  12382807  12189923  12123926  11669260  8491033  6717594 

"Fread report"
        "4"  "8"  "16"  "32"  "64"  "128"  "256"  "512"  "1024"  "2048"  "4096"  "8192"  "16384"
"64"   9006179  12902017  15972885  22737791  15972885 
"128"   10779307  14200794  15881078  18012359  21643049  18637664 
"256"   11207494  16072608  19955913  19591792  19591792  19955913  21558614 
"512"   11877300  16543832  20490142  21303197  22183443  22414989  22183443  23391616 
"1024"   12492426  17985196  22276143  24854315  23754601  24998980  24292018  25594883  24854315 
"2048"   12561952  18284015  22979678  26610232  24984852  25278959  25888448  26284531  26610232  24697509 
"4096"   11874344  15999048  21110529  22881911  23670066  23004469  23967260  23412013  24375326  22259318  22760651 
"8192"   11116757  14170099  16927599  21626142  20131019  17541167  18038447  10463389  20839167  19283661  13496606  9603578 
"16384"   10652851  13640755  17284415  15769284  16737147  15665037  17808483  15241170  13117393  10220324  6213443  4912813  4769600 
"32768"   0  0  0  0  18735359  20727338  20872135  18153808  13997522  9437669  5080395  4846600  4521642 
"65536"   0  0  0  0  22155413  24626652  25062251  25110330  24015601  17089289  10613126  5003164  4586434 
"131072"   0  0  0  0  21274716  24619820  26683541  27238820  27559713  27525217  15294443  4963719  4516753 
"262144"   0  0  0  0  23796477  25891083  28346106  28346106  28297228  27089703  17351539  4963827  4533399 
"524288"   0  0  0  0  24627104  22490234  28571431  30155907  29733484  27659693  15862557  4960063  4394769 

"Re-Fread report"
        "4"  "8"  "16"  "32"  "64"  "128"  "256"  "512"  "1024"  "2048"  "4096"  "8192"  "16384"
"64"   9006179  15972885  22737791  20962191  20962191 
"128"   11720614  14200794  18637664  18637664  18012359  25804035 
"256"   12228612  16072608  21134280  21134280  18259146  19955913  23441229 
"512"   11877300  17069844  20490142  23139567  19037014  23391616  22183443  24457224 
"1024"   12492426  17985196  21823389  25594883  23754601  24854315  24430194  26380939  25748325 
"2048"   12882215  18480699  23546602  26944106  25278959  22979678  26284531  27637635  26944106  25278959 
"4096"   12117223  17217649  22144551  23967260  23540333  22640669  25458986  24514454  25764430  24833373  24977794 
"8192"   12103589  16616521  19090804  25588019  23140898  23282020  26252742  22940050  23814529  23408914  19783294  11266205 
"16384"   11924656  15798286  19207157  20557424  19839298  19787884  9863842  18142291  15922745  13107385  8406252  5803614  5376771 
"32768"   0  0  0  0  21499003  22243611  24746806  19773096  17336317  11525466  6773125  5495402  4390206 
"65536"   0  0  0  0  24165503  26682497  27839104  28741477  27477333  21381616  14987231  6004741  4776348 
"131072"   0  0  0  0  23766229  26695202  28505721  29667129  29823240  29361328  25190648  5736733  4598704 
"262144"   0  0  0  0  23909284  26735971  28917922  30204035  30386003  30124591  27611486  5379510  4710325 
"524288"   0  0  0  0  25867877  27541908  29723035  30503095  30865734  30262146  26994531  5327313  4718419 