	Iozone: Performance Test of File I/O
	        Version $Revision: 3.506 $
		Compiled for 64 bit mode.
		Build: linux 

	Contributors:William Norcott, Don Capps, Isom Crawford, Kirby Collins
	             Al Slater, Scott Rhine, Mike Wisner, Ken Goss
	             Steve Landherr, Brad Smith, Mark Kelly, Dr. Alain CYR,
	             Randy Dunlap, Mark Montague, Dan Million, Gavin Brebner,
	             Jean-Marc Zucconi, Jeff Blomberg, Benny Halevy, Dave Boone,
	             Erik Habbinga, Kris Strecker, Walter Wong, Joshua Root,
	             Fabrice Bacchella, Zhenghua Xue, Qin Li, Darren Sawyer,
	             Vangel Bojaxhi, Ben England, Vikentsi Lapa,
	             Alexey Skidanov, Sudhir Kumar.

	Run began: Sun Mar  9 10:59:19 2025

	Auto Mode
	Command line used: iozone -a -b -f /shared/test
	Output is in kBytes/sec
	Time Resolution = 0.000001 seconds.
	Processor cache size set to 1024 kBytes.
	Processor cache line size set to 32 bytes.
	File stride size set to 17 * record size.
                                                                    random    random      bkwd     record     stride                                        
              kB  reclen    write    rewrite      read    reread      read     write      read    rewrite       read    fwrite  frewrite     fread   freread
              64       4   1734015   5735102  15972885  12310336  10821524   7940539   9006179    9006179   10821524   9006179  10402178  10821524  15972885
              64       8   1722886  15972885  34389688  30484297  15972885  12902017  15972885   15972885   22737791  15972885  12902017  15972885  20962191
              64      16   3057153  12310336  64000000  30484297  30484297  15972885  20962191   22737791   30484297  15972885  15972885  34389688  34389688
              64      32   4564786  20962191  64000000  64000000  55857768  12902017  22737791   15972885   34389688  10402178  34389688  55857768  64000000
              64      64   1768283  30484297  64000000  55857768  64000000  22737791  30484297   20962191   34389688  20962191  22737791  64000000  64000000
             128       4   1391557   8036304  14200794  14200794   9129573   7476717   5603747    8414153    9977956   8548124   9977956  15881078  14200794
             128       8   5122535  14200794  20804356   4557257  15881078   8548124  14200794   12842051   18012359  12842051  14200794  18012359  25804035
             128      16   5784891  15881078  25804035  31945770  25804035  14200794  25804035   21643049   31945770  18012359  15881078  24620673  31945770
             128      32   6406138  18637664  41924383  41924383  31945770  18012359  25804035   25804035   45475583  21643049  18637664  31945770  45475583
             128      64   6727225  18012359  41924383  41924383  31945770  18012359  31945770   21643049   41924383  10779307  25804035  31945770  41924383
             128     128   3277486  18637664  31945770  31945770  41924383  21643049  31945770   18637664    5325799  18637664  16365173  31945770  45475583
             256       4   4929815   8534922  14164395  14953435  10245071   4929815   8815202    9518507    9868433   9868433   5217259  13454450  13454450
             256       8   4496299  13454450  21134280  22940409  16072608  11207494  14353744   13454450   14953435  10651598  11207494  21134280  21134280
             256      16   6398720  16072608  28401588  28401588  25684103  14164395  19591792   18259146   25684103  15164624  14164395  25684103  29173251
             256      32   6107548  18259146  28401588  31762157  28401588  15835569  25684103   23441229   31762157  16072608   9434868  28401588  31762157
             256      64   5810112  12228612  37275329  36024719  29173251  17096249  25084087   19955913   31762157  18575017   6073004  28401588  31762157
             256     128   4734192  18259146  31762157  31762157  31762157  16828306  28401588    7518900   29173251   9778562  28401588  25084087  31762157
             256     256   4496299  18259146  32730347  36024719  31762157  16072608  31762157   19955913   28401588  18259146  15835569  25684103  36024719
             512       4   4099771  10044089  14628067  14628067   6821616   7758090   9468384    9304292    9638369   9468384   9304292  11620224  14240069
             512       8   6491676  13109944  21303197  20490142  16049269  10911694  15037801   14240069   15471149  11943357  12146009  20490142  22414989
             512      16   6319739  15471149  26908901  26908901  23391616  13438092  15037801   17630404   15471149  12499490   8992598  20490142  20490142
             512      32   7435738  16543832  29906870  34192498  28707488   9304292  25624554   22183443   32145217  14628067  14240069  26908901  28328790
             512      64   7211022  17069844  29906870  32145217   4494470  15930214  28328790   23391616   34192498  15037801  12797441  25624554  28707488
             512     128   7410080  14628067  13872122  32145217  29906870  16417355   8844453   21303197   26908901  16543832  17776344  28328790  32145217
             512     256   7871843  15037801  32145217  31671139  32145217  17069844  28328790    3556580   29906870  10235583  24457224  26908901  28707488
             512     512   4262523  18229030  32145217  32145217  32145217  17630404  32145217   18385093   29906870  15037801  18229030  26908901  34192498
            1024       4   1729884   8262639   9946527  10990032   6093831   5564829   7269678    9220512    9485232   8457895   6733974  11249091   6599461
            1024       8   5564829  10429596  12492426  16789959  12492426   9402175   8262639   11741116   11903823   8750850   7113161  12639479  20471166
            1024      16   7306780  13818817  14044758  22276143  18608584  11018226  15516181   18689559   21388672  12639479  11132462  21388672  15743686
            1024      32   7101400  14618393  25594883  26380939  26219889  15080341  21713061   22276143   26219889  13305116  12828238  23240448  21282686
            1024      64   6441107   8199542  16531459  24998980  25594883  14422045  17688906   20471166   24854315  12639479  11773301  20869039  26380939
            1024     128   6519323  14044758  23754601  24430194  26380939  15295157  26219889   21388672   27045423  14422045  14230902  24430194  28480139
            1024     256   7269678  15295157  15977962  28480139  27744245  15240881  27744245   14044758   27744245  15977962  16789959  22748081  28480139
            1024     512   6918376  16468073  30075602  29256135  30075602  13643232  28292530   19719260   27566176   5885083  16219316  23886714  32098538
            1024    1024   2155236  13998981  32098538  33087664  30942298  16531459  20869039   17331995   24854315  16219316  15080341  21823389  32098538
            2048       4   1923059   6568203   8713618  12959958   9841749   7556202   7419150    9268323    8940345   8749118   7582884   9101380  12416686
            2048       8   5884299   9932791  14638464  18284015  12882215  10555264  11835033   12635867   12118884  10607402   6823876  14417342  19139540
            2048      16   6284678  11380325   7444871  25353571  19355169  12805399  17791701   14040298   21115571  10607402  11260973  20658530  23807646
            2048      32   4500161  14321195  17221003  18641120  24416701  13574363  16001943   19893055   20708333  10945301  11706006  23546602  27373418
            2048      64   6802261  14840791  23546602  26944106  25888448  12416686  18284015   22736381   22796721  14226322  13836752  22498183  29236787
            2048     128   7636816  15262700  24697509  28461804  28844090  13926483  22736381   20658530   26610232  11517657  10084382  20461691  26610232
            2048     256   7065219  13552946  20909969  26944106  27286464  13038646  17501701   20658530   27637635  14417342  13404897  21325256  28844090
            2048     512   6802261  12561952  25278959  26284531  29236787  14638464  19893055   20909969   27286464  16367837  15510737  22264924  26204348
            2048    1024   4276140  16001943  23041317  25966707  28089517  16525279  18763275   15623582   25278959   6498636  22264924  24074544  28367810
            2048    2048   4231899  15623582  22264924  31955924  31487372  16001943  24416701   16244028   27373418  17501701  16525279  10673302  29236787
            4096       4   3609363   6243125  11907264  11940367   8712759   5942934   7408930    8108279    8209013   8340529   6967243  10184853  12919082
            4096       8   6311938  10112910  14072566  16650294  14072566  10425907  10166771   12569357   12958059  10923071   9348033  15635038  18358372
            4096      16   7185807  13247835  14941541  18616995  16929220  11768599  13561566   17131802   16912554  11866142  10779149  15807673  20384139
            4096      32   6930704  14318876  20168765  27496338  25458986  14318876  18862276   21453230   18718416  12532680  11539362  20263922  27496338
            4096      64   7123239  13845736  22002745  20579482  25919917  15287223  18966395   20287852   21007275  13086376  11042425   9202815  19706075
            4096     128   7473388   9348033  19135397  26077293  25123904  13604523  21890602   21453230   26768022  13702178   9943171  22144551  27105892
            4096     256   6682678  12718238  24690613  28080596  26935898  15112405  24690613   20192470   29078712  13518879  13790167  25308964  26935898
            4096     512   6953144   8717180  15880734  26077293  24375326  16119138  24101756   17356809   25271734  14072566  14366773  25123904  23670066
            4096    1024   6714018  15341830  23967260  27321427  24833373  15939671  24237769   18516667   29681582  15999048  16996213  16522191  24101756
            4096    2048   7249484  15341830  18616995  28642390  25610798  16585996  23702723   18378010   28452645   8497289  23540333  12299398  20263922
            4096    4096   4043458   9685316  29276929  31533938  24655179  13476460  27148727   16846218   29888133  16256412  15999048  28080596  28834684
            8192       4   3468296   3740525  12432038  11683783   7765253   6666867   8192973    8350269    6884607   8496881   8030217  11573589  12048414
            8192       8   6455193  12154969  18210533  17104560  13386185   8605412  11222050   12802617   13657548  10981742   9427042  16886004  18210533
            8192      16   6765318  10381195  17622134  21846143  19978849  10822627  14920815   16512708   12879400   9728660  11295836  20478973  18415496
            8192      32   6746720  11820445  21680726  21735586  22637771  15224943  18706245   21626142   21721845  12797849  10556617  22697588  26952921
            8192      64   7243074  10925870  22198999  23537199  27382517  15513658  18405631   12065338   18829258  12302946  10003400  16787005  22757722
            8192     128   6978288   8490582  16961023  19272845  19502569   9266865   6827153   20369707   21225362  10612044   8257953  20225820  18615035
            8192     256   6564962   9931117  16155560  21776913  21108009  13090393  19327049   21901844   24371967  11363077   8952964  13957128  21901844
            8192     512   6866721  10530733  17355106  23078725  24098471  15258749  16285735   19591530   26252742  11538609  11127558  16347723  16449466
            8192    1024   7111158  10238893  18706245  22697588  22697588  13257065  16512708   19978849   23947311   9276873   9928248  16787005  21612539
            8192    2048   7103807   9571475  16616521  20638888  16927599  13344594  17241890   18200887   24758320  12224159  10999319  16355505  19828962
            8192    4096   6547448   9214676  11329356  18455061  13065504   7900959  15967862   16186002   16994579   7578564  12133508  13979843  13407078
            8192    8192   3491912   6895660  16616521  20083951  18788074  15031784  10967720   10076743   11636301  12937594  10175219  12860118  15367944
           16384       4   3260431   4261195  10428149  12109573   6291951   5016457   7728405    8187902    5580685   7724930   7754568  10871948   9620796
           16384       8   6514431   9587240  15381035  15893285   9729770   7872723   9863842   11951617   10822295   8780015   9062539  15031145  16619759
           16384      16   7062054  10543345  17864036  19369571  13919826   9011438  11830224   15981995   12572616  10310799   9912217  16535777  11107424
           16384      32   6872081   9758786  17598693  20737328  16960210  11669509  13320811   20508344   16960210  10779854   8479901  17451210  20404822
           16384      64   7086815   9481418  16551708  18854085  17966788  10786622  14665455   20508344   18370234  10930746   8938763  15018005  19342312
           16384     128   6606494  10247758  17082474  19787884  20631487  11306626  14257727   21276659   18429353  10672705   9051796  13780259  18166271
           16384     256   7163647  10022083  16515906  19137620  19601621  11719262  10908189   21963484   10176433  10220324   9210731  16124497  19010558
           16384     512   7297535   9548608  17048570  21442634  20582053   9406146  17371802   22473460   22291212  11563473  10132917  15860271  22407509
           16384    1024   6111219  10729361  19255594  21529968  21782475  13506702  18598941   23471324   28445779  10995458   9459231  18598941  20612921
           16384    2048   6986664   9459231  20926779  23375516  23854256  12263001  18262828   21789381   27217728  11916384  11677441  18262828  18812792
           16384    4096   5354150  11199747  14668586  21879569  20926779  14320120  14172454   17371802   24164617  13180291  13266805  11846540  17172117
           16384    8192   5303735  11260308   8312700  10369924   9769885  12497164   5754529   10923795    7980609   8187902  16872760   5849558   5423449
           16384   16384   3075686   5316044   4325296   5616719   5030411  10258466   4855880    6152253    4898106   9751862  10132917   4873443   4667870
           32768      64   3987343   5848265  18789146  22096985  14409913  10223978  19727685   19514801   20556827  11055429   9866537  19884666  21774902
           32768     128   7374993  10919287  18809717  20404233  19980060  11803611  18182628   21002908   20480246  10082226   9380982  17533149  21730146
           32768     256   7406789  11546769  22186160  24640326  19980060  10584598  20831009   22168267   21018968  11018205  10452580  18766056  24953486
           32768     512   7094060  10922758  16334933  20191402  21266143  11928594  18702216   19298329   19945266  10249902   8830110  19017939  20674333
           32768    1024   7430415  11295294  22613252  25499797  25661676  11287873  22214848   22598379   25186704   9905648  10085185  22290509  23060978
           32768    2048   7017990   9399588  11795506  19598283  17310115  10502903  13363300   20569133   28972298   8096643   9397017  14740649  18628703
           32768    4096   6781480   9570420  11489816  16093920  18115523  10911485   9495046   19922137   22819755  10135761   8992456  10462128   9550469
           32768    8192   5308407   8779906   5640880   6871327   6780142   9867246   4502385   13534375    8208346  10002248   9354166   4824483   6720466
           32768   16384   3739855   7924382   4602191   4936423   5083590   8712560   4388944    9204442    4451059   6745203  12029872   4451492   4801225
           65536      64   3006370   5331967  18259695  19499304  14286937  10176590  16603112   21167566   15166676   9838570   9260509  15906544  19858529
           65536     128   6866659   9491048  16992100  19499304  15911148  10090296  16416692   22522104   16023376   9268315   8701199  15787776  18849452
           65536     256   7043851  10394400  19805587  21788375  18881822  11363847  19360590   22087762   19721749  10187528   9359519  18973053  21126893
           65536     512   7098788   9765518  17599162  20951370  19355137  10836126  16253610   19895901   19805587   9960136   8403275  17920424  20059972
           65536    1024   6798388  10715733  19871450  21836840  20851244  11862090  19291294   21644260   19888703  10476006   9641859  20811777  21664731
           65536    2048   7117168  10063698  16684743  18581864  17593530  11287319  15489739   20466226   16396128   9911651   8422586  15551962  17857557
           65536    4096   7143804  11266501   9621946  14942422  16960646  11770154  10110709   20627488   25649238  10520915   9600774  10141671  14993771
           65536    8192   5806853   9274883   5190997   5630228   5219979  10527765   4557462   18768370    9024283   8953151   7931426   4879881   5374818
           65536   16384   3934425   8539815   4535354   4751743   4666476   9273318   4194316    9160824    4605183   9981112   9192993   4373150   4647933
          131072      64   2130871   3657436  19808303  21106458  15371419   4535197  16926080   21325883   15123205   4830520   5779736  19039949  20660672
          131072     128   3331433   4979365  24740588  26580330  22807842   5729917  22529308   21892325   23988152   4603864   4545246  23613108  25716194
          131072     256   4532393   4852736  22424546  24005959  21988644   5603531  22010653   23137086   22524693   6277700   5022674  22321659  23801213
          131072     512   4392782   6085556  24435974  26026647  25500290   6815649  24927934   22533002   24670642   5825671   5031546  24540692  26042675
          131072    1024   4357131   6145832  27386725  29126435  27840240   7223572  26506000   23347362   27916581   5648961   6564812  26094592  28291545
          131072    2048   4172124   6097232  23248629  26156670  24022743   5044936  22378904   22567226   22692983   6256125   6140615  23728275  27175536
          131072    4096   4004024   6882287   9890041  22318034  21874032   6760832  12762815   21940379   19120740   5774575   5715204  11016310  22575566
          131072    8192   3508539   6125153   4812633   5038509   5614060   4572541   4821835   19513012   15258785   5542183   5168879   4694883   5678309
          131072   16384   2772542   3580705   4471020   4616700   4705169   4960942   4312696   11533063    5142720   6021830   6290990   4370814   4483564
          262144      64   1934415   2392782  22462940  22378815  15399364   3792808  18116311   21922358   17718396   3124333   4150340  21548992  21748904
          262144     128   3048966   4359632  25249541  26172737  21331595   3213491  22319305   21556174   22382460   4558793   4565058  24632951  25955258
          262144     256   3250705   4785316  27771893  27828829  25431168   4314774  23198990   22622390   23851195   4511783   4796170  27125793  27286683
          262144     512   3291450   3921032  27452236  29110862  27067029   3895333  27312440   22852785   25147900   4163463   4533960  27547841  28608674
          262144    1024   3392477   4588395  28609418  29375296  27215765   3884489  27067029   23037611   25804192   4642584   4415127  28136473  29420885
          262144    2048   3527096   4592016  27655239  29178846  28892845   4596278  26632355   22777040   25791481   4447254   4997125  27704714  29349420
          262144    4096   3468383   4891026  16947423  27690062  27101054   4208515  19041534   22820532   23646527   4228129   4379725  17663460  27751565
          262144    8192   3016825   3819223   4780946   4988261   5411067   4156726   4629078   20206854    6650212   4062548   3824577   4703817   5004176
          262144   16384   2709639   4082474   4424223   4612049   4543609   4163589   4366159   12568029    5694567   4268823   4217652   4435610   4542745
          524288      64   1205065   2745841    539865    692904   1569803   1565268    737708   22360566    1642635   2884396   1484162   1231338    483403
          524288     128   3100736   2968821    476475    710973   2729201   2595419   2662372   21559515    1589922   2590368   1683680    737063   2669683
          524288     256   2874323   3048010    517698    812489   3316202   2771268   1935099   19119147    2427261   2913004   1900689    615334   3078597
          524288     512   2974632   2149726    562136    967501   4762008   3235643   4751698   23295279    3222919   2990119   2692137   1004111   1348192
          524288    1024   3036185   2536924   1270089   1190762   5984130   3145173   5713695   22178124    3604419   2965546   2132266   1570086   1533517
          524288    2048   2978689   2569988   1744799   1511827   4249067   2729814   4723142   23252173    3018787   2315495   1836570   2453487   3653094
          524288    4096   2953954   2042933   1576151   1358801   4690981   3062950   3451945   22423726    2871286   2186418   1962581   2237497   4199776
          524288    8192   2553367    714641   1608911   1431378   3272157   2667536   3164495   21446812    4370409   2666394   3109875   2014809   3037380
          524288   16384   2141104   2222154   1731071   1573758   3364984   2915286   2804415   14349834    2677559   2068098   2425395   2513678   2192059

iozone test complete.
Timer resolution is poor. Some small transfers may have 
reported inaccurate results. Sizes 64 kBytes and below.
Excel output is below:

"Writer report"
        "4"  "8"  "16"  "32"  "64"  "128"  "256"  "512"  "1024"  "2048"  "4096"  "8192"  "16384"
"64"   1734015  1722886  3057153  4564786  1768283 
"128"   1391557  5122535  5784891  6406138  6727225  3277486 
"256"   4929815  4496299  6398720  6107548  5810112  4734192  4496299 
"512"   4099771  6491676  6319739  7435738  7211022  7410080  7871843  4262523 
"1024"   1729884  5564829  7306780  7101400  6441107  6519323  7269678  6918376  2155236 
"2048"   1923059  5884299  6284678  4500161  6802261  7636816  7065219  6802261  4276140  4231899 
"4096"   3609363  6311938  7185807  6930704  7123239  7473388  6682678  6953144  6714018  7249484  4043458 
"8192"   3468296  6455193  6765318  6746720  7243074  6978288  6564962  6866721  7111158  7103807  6547448  3491912 
"16384"   3260431  6514431  7062054  6872081  7086815  6606494  7163647  7297535  6111219  6986664  5354150  5303735  3075686 
"32768"   0  0  0  0  3987343  7374993  7406789  7094060  7430415  7017990  6781480  5308407  3739855 
"65536"   0  0  0  0  3006370  6866659  7043851  7098788  6798388  7117168  7143804  5806853  3934425 
"131072"   0  0  0  0  2130871  3331433  4532393  4392782  4357131  4172124  4004024  3508539  2772542 
"262144"   0  0  0  0  1934415  3048966  3250705  3291450  3392477  3527096  3468383  3016825  2709639 
"524288"   0  0  0  0  1205065  3100736  2874323  2974632  3036185  2978689  2953954  2553367  2141104 

"Re-writer report"
        "4"  "8"  "16"  "32"  "64"  "128"  "256"  "512"  "1024"  "2048"  "4096"  "8192"  "16384"
"64"   5735102  15972885  12310336  20962191  30484297 
"128"   8036304  14200794  15881078  18637664  18012359  18637664 
"256"   8534922  13454450  16072608  18259146  12228612  18259146  18259146 
"512"   10044089  13109944  15471149  16543832  17069844  14628067  15037801  18229030 
"1024"   8262639  10429596  13818817  14618393  8199542  14044758  15295157  16468073  13998981 
"2048"   6568203  9932791  11380325  14321195  14840791  15262700  13552946  12561952  16001943  15623582 
"4096"   6243125  10112910  13247835  14318876  13845736  9348033  12718238  8717180  15341830  15341830  9685316 
"8192"   3740525  12154969  10381195  11820445  10925870  8490582  9931117  10530733  10238893  9571475  9214676  6895660 
"16384"   4261195  9587240  10543345  9758786  9481418  10247758  10022083  9548608  10729361  9459231  11199747  11260308  5316044 
"32768"   0  0  0  0  5848265  10919287  11546769  10922758  11295294  9399588  9570420  8779906  7924382 
"65536"   0  0  0  0  5331967  9491048  10394400  9765518  10715733  10063698  11266501  9274883  8539815 
"131072"   0  0  0  0  3657436  4979365  4852736  6085556  6145832  6097232  6882287  6125153  3580705 
"262144"   0  0  0  0  2392782  4359632  4785316  3921032  4588395  4592016  4891026  3819223  4082474 
"524288"   0  0  0  0  2745841  2968821  3048010  2149726  2536924  2569988  2042933  714641  2222154 

"Reader report"
        "4"  "8"  "16"  "32"  "64"  "128"  "256"  "512"  "1024"  "2048"  "4096"  "8192"  "16384"
"64"   15972885  34389688  64000000  64000000  64000000 
"128"   14200794  20804356  25804035  41924383  41924383  31945770 
"256"   14164395  21134280  28401588  28401588  37275329  31762157  32730347 
"512"   14628067  21303197  26908901  29906870  29906870  13872122  32145217  32145217 
"1024"   9946527  12492426  14044758  25594883  16531459  23754601  15977962  30075602  32098538 
"2048"   8713618  14638464  7444871  17221003  23546602  24697509  20909969  25278959  23041317  22264924 
"4096"   11907264  14072566  14941541  20168765  22002745  19135397  24690613  15880734  23967260  18616995  29276929 
"8192"   12432038  18210533  17622134  21680726  22198999  16961023  16155560  17355106  18706245  16616521  11329356  16616521 
"16384"   10428149  15381035  17864036  17598693  16551708  17082474  16515906  17048570  19255594  20926779  14668586  8312700  4325296 
"32768"   0  0  0  0  18789146  18809717  22186160  16334933  22613252  11795506  11489816  5640880  4602191 
"65536"   0  0  0  0  18259695  16992100  19805587  17599162  19871450  16684743  9621946  5190997  4535354 
"131072"   0  0  0  0  19808303  24740588  22424546  24435974  27386725  23248629  9890041  4812633  4471020 
"262144"   0  0  0  0  22462940  25249541  27771893  27452236  28609418  27655239  16947423  4780946  4424223 
"524288"   0  0  0  0  539865  476475  517698  562136  1270089  1744799  1576151  1608911  1731071 

"Re-Reader report"
        "4"  "8"  "16"  "32"  "64"  "128"  "256"  "512"  "1024"  "2048"  "4096"  "8192"  "16384"
"64"   12310336  30484297  30484297  64000000  55857768 
"128"   14200794  4557257  31945770  41924383  41924383  31945770 
"256"   14953435  22940409  28401588  31762157  36024719  31762157  36024719 
"512"   14628067  20490142  26908901  34192498  32145217  32145217  31671139  32145217 
"1024"   10990032  16789959  22276143  26380939  24998980  24430194  28480139  29256135  33087664 
"2048"   12959958  18284015  25353571  18641120  26944106  28461804  26944106  26284531  25966707  31955924 
"4096"   11940367  16650294  18616995  27496338  20579482  26077293  28080596  26077293  27321427  28642390  31533938 
"8192"   11683783  17104560  21846143  21735586  23537199  19272845  21776913  23078725  22697588  20638888  18455061  20083951 
"16384"   12109573  15893285  19369571  20737328  18854085  19787884  19137620  21442634  21529968  23375516  21879569  10369924  5616719 
"32768"   0  0  0  0  22096985  20404233  24640326  20191402  25499797  19598283  16093920  6871327  4936423 
"65536"   0  0  0  0  19499304  19499304  21788375  20951370  21836840  18581864  14942422  5630228  4751743 
"131072"   0  0  0  0  21106458  26580330  24005959  26026647  29126435  26156670  22318034  5038509  4616700 
"262144"   0  0  0  0  22378815  26172737  27828829  29110862  29375296  29178846  27690062  4988261  4612049 
"524288"   0  0  0  0  692904  710973  812489  967501  1190762  1511827  1358801  1431378  1573758 

"Random read report"
        "4"  "8"  "16"  "32"  "64"  "128"  "256"  "512"  "1024"  "2048"  "4096"  "8192"  "16384"
"64"   10821524  15972885  30484297  55857768  64000000 
"128"   9129573  15881078  25804035  31945770  31945770  41924383 
"256"   10245071  16072608  25684103  28401588  29173251  31762157  31762157 
"512"   6821616  16049269  23391616  28707488  4494470  29906870  32145217  32145217 
"1024"   6093831  12492426  18608584  26219889  25594883  26380939  27744245  30075602  30942298 
"2048"   9841749  12882215  19355169  24416701  25888448  28844090  27286464  29236787  28089517  31487372 
"4096"   8712759  14072566  16929220  25458986  25919917  25123904  26935898  24375326  24833373  25610798  24655179 
"8192"   7765253  13386185  19978849  22637771  27382517  19502569  21108009  24098471  22697588  16927599  13065504  18788074 
"16384"   6291951  9729770  13919826  16960210  17966788  20631487  19601621  20582053  21782475  23854256  20926779  9769885  5030411 
"32768"   0  0  0  0  14409913  19980060  19980060  21266143  25661676  17310115  18115523  6780142  5083590 
"65536"   0  0  0  0  14286937  15911148  18881822  19355137  20851244  17593530  16960646  5219979  4666476 
"131072"   0  0  0  0  15371419  22807842  21988644  25500290  27840240  24022743  21874032  5614060  4705169 
"262144"   0  0  0  0  15399364  21331595  25431168  27067029  27215765  28892845  27101054  5411067  4543609 
"524288"   0  0  0  0  1569803  2729201  3316202  4762008  5984130  4249067  4690981  3272157  3364984 

"Random write report"
        "4"  "8"  "16"  "32"  "64"  "128"  "256"  "512"  "1024"  "2048"  "4096"  "8192"  "16384"
"64"   7940539  12902017  15972885  12902017  22737791 
"128"   7476717  8548124  14200794  18012359  18012359  21643049 
"256"   4929815  11207494  14164395  15835569  17096249  16828306  16072608 
"512"   7758090  10911694  13438092  9304292  15930214  16417355  17069844  17630404 
"1024"   5564829  9402175  11018226  15080341  14422045  15295157  15240881  13643232  16531459 
"2048"   7556202  10555264  12805399  13574363  12416686  13926483  13038646  14638464  16525279  16001943 
"4096"   5942934  10425907  11768599  14318876  15287223  13604523  15112405  16119138  15939671  16585996  13476460 
"8192"   6666867  8605412  10822627  15224943  15513658  9266865  13090393  15258749  13257065  13344594  7900959  15031784 
"16384"   5016457  7872723  9011438  11669509  10786622  11306626  11719262  9406146  13506702  12263001  14320120  12497164  10258466 
"32768"   0  0  0  0  10223978  11803611  10584598  11928594  11287873  10502903  10911485  9867246  8712560 
"65536"   0  0  0  0  10176590  10090296  11363847  10836126  11862090  11287319  11770154  10527765  9273318 
"131072"   0  0  0  0  4535197  5729917  5603531  6815649  7223572  5044936  6760832  4572541  4960942 
"262144"   0  0  0  0  3792808  3213491  4314774  3895333  3884489  4596278  4208515  4156726  4163589 
"524288"   0  0  0  0  1565268  2595419  2771268  3235643  3145173  2729814  3062950  2667536  2915286 

"Backward read report"
        "4"  "8"  "16"  "32"  "64"  "128"  "256"  "512"  "1024"  "2048"  "4096"  "8192"  "16384"
"64"   9006179  15972885  20962191  22737791  30484297 
"128"   5603747  14200794  25804035  25804035  31945770  31945770 
"256"   8815202  14353744  19591792  25684103  25084087  28401588  31762157 
"512"   9468384  15037801  15037801  25624554  28328790  8844453  28328790  32145217 
"1024"   7269678  8262639  15516181  21713061  17688906  26219889  27744245  28292530  20869039 
"2048"   7419150  11835033  17791701  16001943  18284015  22736381  17501701  19893055  18763275  24416701 
"4096"   7408930  10166771  13561566  18862276  18966395  21890602  24690613  24101756  24237769  23702723  27148727 
"8192"   8192973  11222050  14920815  18706245  18405631  6827153  19327049  16285735  16512708  17241890  15967862  10967720 
"16384"   7728405  9863842  11830224  13320811  14665455  14257727  10908189  17371802  18598941  18262828  14172454  5754529  4855880 
"32768"   0  0  0  0  19727685  18182628  20831009  18702216  22214848  13363300  9495046  4502385  4388944 
"65536"   0  0  0  0  16603112  16416692  19360590  16253610  19291294  15489739  10110709  4557462  4194316 
"131072"   0  0  0  0  16926080  22529308  22010653  24927934  26506000  22378904  12762815  4821835  4312696 
"262144"   0  0  0  0  18116311  22319305  23198990  27312440  27067029  26632355  19041534  4629078  4366159 
"524288"   0  0  0  0  737708  2662372  1935099  4751698  5713695  4723142  3451945  3164495  2804415 

"Record rewrite report"
        "4"  "8"  "16"  "32"  "64"  "128"  "256"  "512"  "1024"  "2048"  "4096"  "8192"  "16384"
"64"   9006179  15972885  22737791  15972885  20962191 
"128"   8414153  12842051  21643049  25804035  21643049  18637664 
"256"   9518507  13454450  18259146  23441229  19955913  7518900  19955913 
"512"   9304292  14240069  17630404  22183443  23391616  21303197  3556580  18385093 
"1024"   9220512  11741116  18689559  22276143  20471166  21388672  14044758  19719260  17331995 
"2048"   9268323  12635867  14040298  19893055  22736381  20658530  20658530  20909969  15623582  16244028 
"4096"   8108279  12569357  17131802  21453230  20287852  21453230  20192470  17356809  18516667  18378010  16846218 
"8192"   8350269  12802617  16512708  21626142  12065338  20369707  21901844  19591530  19978849  18200887  16186002  10076743 
"16384"   8187902  11951617  15981995  20508344  20508344  21276659  21963484  22473460  23471324  21789381  17371802  10923795  6152253 
"32768"   0  0  0  0  19514801  21002908  22168267  19298329  22598379  20569133  19922137  13534375  9204442 
"65536"   0  0  0  0  21167566  22522104  22087762  19895901  21644260  20466226  20627488  18768370  9160824 
"131072"   0  0  0  0  21325883  21892325  23137086  22533002  23347362  22567226  21940379  19513012  11533063 
"262144"   0  0  0  0  21922358  21556174  22622390  22852785  23037611  22777040  22820532  20206854  12568029 
"524288"   0  0  0  0  22360566  21559515  19119147  23295279  22178124  23252173  22423726  21446812  14349834 

"Stride read report"
        "4"  "8"  "16"  "32"  "64"  "128"  "256"  "512"  "1024"  "2048"  "4096"  "8192"  "16384"
"64"   10821524  22737791  30484297  34389688  34389688 
"128"   9977956  18012359  31945770  45475583  41924383  5325799 
"256"   9868433  14953435  25684103  31762157  31762157  29173251  28401588 
"512"   9638369  15471149  15471149  32145217  34192498  26908901  29906870  29906870 
"1024"   9485232  11903823  21388672  26219889  24854315  27045423  27744245  27566176  24854315 
"2048"   8940345  12118884  21115571  20708333  22796721  26610232  27637635  27286464  25278959  27373418 
"4096"   8209013  12958059  16912554  18718416  21007275  26768022  29078712  25271734  29681582  28452645  29888133 
"8192"   6884607  13657548  12879400  21721845  18829258  21225362  24371967  26252742  23947311  24758320  16994579  11636301 
"16384"   5580685  10822295  12572616  16960210  18370234  18429353  10176433  22291212  28445779  27217728  24164617  7980609  4898106 
"32768"   0  0  0  0  20556827  20480246  21018968  19945266  25186704  28972298  22819755  8208346  4451059 
"65536"   0  0  0  0  15166676  16023376  19721749  19805587  19888703  16396128  25649238  9024283  4605183 
"131072"   0  0  0  0  15123205  23988152  22524693  24670642  27916581  22692983  19120740  15258785  5142720 
"262144"   0  0  0  0  17718396  22382460  23851195  25147900  25804192  25791481  23646527  6650212  5694567 
"524288"   0  0  0  0  1642635  1589922  2427261  3222919  3604419  3018787  2871286  4370409  2677559 

"Fwrite report"
        "4"  "8"  "16"  "32"  "64"  "128"  "256"  "512"  "1024"  "2048"  "4096"  "8192"  "16384"
"64"   9006179  15972885  15972885  10402178  20962191 
"128"   8548124  12842051  18012359  21643049  10779307  18637664 
"256"   9868433  10651598  15164624  16072608  18575017  9778562  18259146 
"512"   9468384  11943357  12499490  14628067  15037801  16543832  10235583  15037801 
"1024"   8457895  8750850  12639479  13305116  12639479  14422045  15977962  5885083  16219316 
"2048"   8749118  10607402  10607402  10945301  14226322  11517657  14417342  16367837  6498636  17501701 
"4096"   8340529  10923071  11866142  12532680  13086376  13702178  13518879  14072566  15999048  8497289  16256412 
"8192"   8496881  10981742  9728660  12797849  12302946  10612044  11363077  11538609  9276873  12224159  7578564  12937594 
"16384"   7724930  8780015  10310799  10779854  10930746  10672705  10220324  11563473  10995458  11916384  13180291  8187902  9751862 
"32768"   0  0  0  0  11055429  10082226  11018205  10249902  9905648  8096643  10135761  10002248  6745203 
"65536"   0  0  0  0  9838570  9268315  10187528  9960136  10476006  9911651  10520915  8953151  9981112 
"131072"   0  0  0  0  4830520  4603864  6277700  5825671  5648961  6256125  5774575  5542183  6021830 
"262144"   0  0  0  0  3124333  4558793  4511783  4163463  4642584  4447254  4228129  4062548  4268823 
"524288"   0  0  0  0  2884396  2590368  2913004  2990119  2965546  2315495  2186418  2666394  2068098 

"Re-Fwrite report"
        "4"  "8"  "16"  "32"  "64"  "128"  "256"  "512"  "1024"  "2048"  "4096"  "8192"  "16384"
"64"   10402178  12902017  15972885  34389688  22737791 
"128"   9977956  14200794  15881078  18637664  25804035  16365173 
"256"   5217259  11207494  14164395  9434868  6073004  28401588  15835569 
"512"   9304292  12146009  8992598  14240069  12797441  17776344  24457224  18229030 
"1024"   6733974  7113161  11132462  12828238  11773301  14230902  16789959  16219316  15080341 
"2048"   7582884  6823876  11260973  11706006  13836752  10084382  13404897  15510737  22264924  16525279 
"4096"   6967243  9348033  10779149  11539362  11042425  9943171  13790167  14366773  16996213  23540333  15999048 
"8192"   8030217  9427042  11295836  10556617  10003400  8257953  8952964  11127558  9928248  10999319  12133508  10175219 
"16384"   7754568  9062539  9912217  8479901  8938763  9051796  9210731  10132917  9459231  11677441  13266805  16872760  10132917 
"32768"   0  0  0  0  9866537  9380982  10452580  8830110  10085185  9397017  8992456  9354166  12029872 
"65536"   0  0  0  0  9260509  8701199  9359519  8403275  9641859  8422586  9600774  7931426  9192993 
"131072"   0  0  0  0  5779736  4545246  5022674  5031546  6564812  6140615  5715204  5168879  6290990 
"262144"   0  0  0  0  4150340  4565058  4796170  4533960  4415127  4997125  4379725  3824577  4217652 
"524288"   0  0  0  0  1484162  1683680  1900689  2692137  2132266  1836570  1962581  3109875  2425395 

"Fread report"
        "4"  "8"  "16"  "32"  "64"  "128"  "256"  "512"  "1024"  "2048"  "4096"  "8192"  "16384"
"64"   10821524  15972885  34389688  55857768  64000000 
"128"   15881078  18012359  24620673  31945770  31945770  31945770 
"256"   13454450  21134280  25684103  28401588  28401588  25084087  25684103 
"512"   11620224  20490142  20490142  26908901  25624554  28328790  26908901  26908901 
"1024"   11249091  12639479  21388672  23240448  20869039  24430194  22748081  23886714  21823389 
"2048"   9101380  14417342  20658530  23546602  22498183  20461691  21325256  22264924  24074544  10673302 
"4096"   10184853  15635038  15807673  20263922  9202815  22144551  25308964  25123904  16522191  12299398  28080596 
"8192"   11573589  16886004  20478973  22697588  16787005  20225820  13957128  16347723  16787005  16355505  13979843  12860118 
"16384"   10871948  15031145  16535777  17451210  15018005  13780259  16124497  15860271  18598941  18262828  11846540  5849558  4873443 
"32768"   0  0  0  0  19884666  17533149  18766056  19017939  22290509  14740649  10462128  4824483  4451492 
"65536"   0  0  0  0  15906544  15787776  18973053  17920424  20811777  15551962  10141671  4879881  4373150 
"131072"   0  0  0  0  19039949  23613108  22321659  24540692  26094592  23728275  11016310  4694883  4370814 
"262144"   0  0  0  0  21548992  24632951  27125793  27547841  28136473  27704714  17663460  4703817  4435610 
"524288"   0  0  0  0  1231338  737063  615334  1004111  1570086  2453487  2237497  2014809  2513678 

"Re-Fread report"
        "4"  "8"  "16"  "32"  "64"  "128"  "256"  "512"  "1024"  "2048"  "4096"  "8192"  "16384"
"64"   15972885  20962191  34389688  64000000  64000000 
"128"   14200794  25804035  31945770  45475583  41924383  45475583 
"256"   13454450  21134280  29173251  31762157  31762157  31762157  36024719 
"512"   14240069  22414989  20490142  28328790  28707488  32145217  28707488  34192498 
"1024"   6599461  20471166  15743686  21282686  26380939  28480139  28480139  32098538  32098538 
"2048"   12416686  19139540  23807646  27373418  29236787  26610232  28844090  26204348  28367810  29236787 
"4096"   12919082  18358372  20384139  27496338  19706075  27105892  26935898  23670066  24101756  20263922  28834684 
"8192"   12048414  18210533  18415496  26952921  22757722  18615035  21901844  16449466  21612539  19828962  13407078  15367944 
"16384"   9620796  16619759  11107424  20404822  19342312  18166271  19010558  22407509  20612921  18812792  17172117  5423449  4667870 
"32768"   0  0  0  0  21774902  21730146  24953486  20674333  23060978  18628703  9550469  6720466  4801225 
"65536"   0  0  0  0  19858529  18849452  21126893  20059972  21664731  17857557  14993771  5374818  4647933 
"131072"   0  0  0  0  20660672  25716194  23801213  26042675  28291545  27175536  22575566  5678309  4483564 
"262144"   0  0  0  0  21748904  25955258  27286683  28608674  29420885  29349420  27751565  5004176  4542745 
"524288"   0  0  0  0  483403  2669683  3078597  1348192  1533517  3653094  4199776  3037380  2192059 