Iozone: Performance Test of File I/O
	        Version $Revision: 3.506 $
		Compiled for 64 bit mode.
		Build: linux 

	Contributors:William Norcott, Don Capps, Isom Crawford, Kirby Collins
	             Al Slater, Scott Rhine, Mike Wisner, Ken Goss
	             Steve Landherr, Brad Smith, Mark Kelly, Dr. Alain CYR,
	             Randy Dunlap, Mark Montague, Dan Million, Gavin Brebner,
	             Jean-Marc Zucconi, Jeff Blomberg, Benny Halevy, Dave Boone,
	             Erik Habbinga, Kris Strecker, Walter Wong, Joshua Root,
	             Fabrice Bacchella, Zhenghua Xue, Qin Li, Darren Sawyer,
	             Vangel Bojaxhi, Ben England, Vikentsi Lapa,
	             Alexey Skidanov, Sudhir Kumar.

	Run began: Sun Mar  9 10:35:16 2025

	Auto Mode
	Command line used: iozone -a -b output.xlsx
	Output is in kBytes/sec
	Time Resolution = 0.000001 seconds.
	Processor cache size set to 1024 kBytes.
	Processor cache line size set to 32 bytes.
	File stride size set to 17 * record size.
                                                                    random    random      bkwd     record     stride                                        
              kB  reclen    write    rewrite      read    reread      read     write      read    rewrite       read    fwrite  frewrite     fread   freread
              64       4    710511   6421025   4274062  12310336   7100397   5283570   4897948    5283570    6421025   6421025   6421025   9006179  12310336
              64       8   4274062  10402178  20962191  20962191  12902017   7940539  10821524   12902017   15972885  10821524   7293312   7940539  15972885
              64      16   3363612  10821524  20962191  55857768  20962191  12902017  15972885   15972885   15972885  10402178  15972885  20962191  64000000
              64      32   5283570  10821524  30484297  34389688  30484297  12902017  20962191     725882   15972885  10821524  20962191  34389688  34389688
              64      64   4274062  20962191  34389688  55857768  64000000  20962191  30484297   20962191   20962191  12310336  15972885  30484297  64000000
             128       4   2621367   4889281  11720614  12842051   9795896   6812590   7917784    7917784    8548124   7917784   8036304   9795896   8548124
             128       8   4934216  12542043  18012359  20804356  14200794   9129573  12842051   14200794   14200794   1802755  10567140  15881078  18012359
             128      16   5122535  12842051  21643049  25804035  25804035  14586625  14200794   16365173   25804035  14200794  15881078  25804035  31945770
             128      32   4557257  15881078  31945770  41924383  31945770  12842051  15881078   15881078   31945770  15881078  14200794  25804035  41924383
             128      64   6406138  15881078  31945770  31945770  31945770  15881078  18012359   15881078   25804035  10779307  31945770  25804035   4407601
             128     128   6406138  15881078  31945770  31945770  31945770  18637664  21643049   15881078   21643049  15881078  14200794  31945770  31945770
             256       4   3605511   8534922  12812277   6249745   8534922   7120034   4332998    8208677    8534922   8815202   1985448   7735574  12228612
             256       8   4652146  11569783  18259146  21558614  14953435  10148242  12661199   12812277   11695808  11569783   2413957  16072608  16828306
             256      16   6249745  14953435  25684103   7735574  18259146   9868433  19591792   19591792   22940409   9868433  11569783  21558614  25684103
             256      32   5810112  15164624  31762157  36024719  31762157   6398720  16072608   23441229   28401588  15835569   1243036  19591792  23441229
             256      64   5569035  15835569   7965107  18259146  28401588  14164395  25684103   23441229   28401588  15835569  19591792  21134280  31762157
             256     128   5971678  15164624  29173251  31762157  31762157  18259146  19591792   17096249   25684103  12661199  21134280  19955913  28401588
             256     256   6107548  17096249  32730347  31762157  31762157  16072608  23441229   19591792   17096249  17096249  17096249  31762157  31762157
             512       4   3431550   7022379  10434519   3913012   8109658   6999490   5214798    8665997    8528336   8562340   7513788   9468384  11877300
             512       8   5164632  10485468   6104175  14146265   5079126   9145790   8234036   12499490   13190469  10641343   9638369  14628067  16049269
             512      16   4375425  13109944  11374040  21303197  16543832  12215097  16543832   18229030   21303197   4961773  11138071  17776344  23139567
             512      32   5684095  13438092  25624554  23391616  20490142  14240069  21303197   19736867   26908901  12499490  11943357  18229030  21303197
             512      64   5684095  15471149  11620224  26908901  20490142  14628067  24181823   21303197   26908901   2438090  15143846  24457224  23391616
             512     128   5067142  14628067  30329249  23139567  26908901  15143846  23139567   19736867   25624554  15471149  15471149  21303197  28328790
             512     256   7115451  15583417  26908901  31671139  10485468  12797441  21303197   16049269   22183443   9859630  23391616  13872122  25624554
             512     512   5822804  15037801  34192498  25624554  29906870  14628067  21303197   14628067   20490142  15037801  15471149  19736867  24181823
            1024       4   3646583   8474583  11018226   6559147   8122014   7113161   4614246    9142007    7319232   8914314   7699755   9064828  12492426
            1024       8   4287225   9743447  16219316  15516181  13102174   8914314  10329265   13305116    6776473  11489839   9855234   7524394  15743686
            1024      16   5194651   8391792  11489839  14422045   8822754  12313351  14183905   17985196   16531459   7883484  11132462  19719260  22276143
            1024      32   6093831  13514444  20471166  21823389  22869206  13818817  21823389   21282686   19363647  11645609   9832672  18936769  27045423
            1024      64   5758828  14820161  25594883  22276143  24430194  14422045  22276143   22748081   25594883  12790037  13305116  19719260  22276143
            1024     128   4741598  15516181  26876184   9064828  20088179  13863422  23240448   20869039   22748081  13305116   9832672   8610501   7941793
            1024     256   6172653  15801608  24998980  23754601  20471166  12313351  22748081   20869039   18936769  16280798  17056672  18608584  23886714
            1024     512   5564829  15977962  27566176   8122014  30075602  16789959   7524394   19629138   26876184   6025439  24430194  23886714  23240448
            1024    1024   6317933  14618393  26876184  30075602  30942298  16280798  10158253   16789959   17331995  16280798  12790037  14668318  29256135
            2048       4   3929871   5626082   7082696   7582884   8097557   6503556   7343043    8820994    6092991   8229438   7529708   9472740   9752360
            2048       8   4259178   7817519  12118884  10240672  14840791  10289741   6917293   12959958   13467949   9796850  10037248   9268323  17645509
            2048      16   5804771   8634786  13467949  18804350  20658530  11502234   9752360   16653431    9796850   9483197  12118884   9752360  21115571
            2048      32   5640860  10037248  14109484  20268568  22979678  13836752  10289741   22264924   20079056   8398403  11380325  12416686  20909969
            2048      64   5403134  12118884  21539147  21539147  13836752  14226322  21539147   21115571   18441025  12786337  13118295  19486895  28367810
            2048     128   6284678  12805399  17791701  13301113  25656476  14713687  16525279   20510548   24984852  11917129  11835033  10037248  24074544
            2048     256   6149699  14040298  21593292  12959958  25580074  14738933  21115571   12710657   26284531   8784909  11983630  22736381  21325256
            2048     512   6464402  15623582  25278959  11706006  10037248  15262700  17501701   17681831   10439809  16399085  15289867  19710468  26944106
            2048    1024   5403134  14638464  26284531  24984852  27286464  13467949  11058022   18970464   24984852  12345306  22498183  19139540  26944106
            2048    2048   5689430  13198923  28844090  31487372  30590314  14321195  16244028   10289741   13058467  13552946  11900619  10037248  27286464
            4096       4   2023588   6542703   8962759   8695120   8552280   5431844   5581856    7421732    8193352   5611025   6953144   7770863  10638969
            4096       8   5231694   8811067  12049235  11470025  13207098   6608135   8209013   13647752   10923071   9188050   8865630  12765490  15764158
            4096      16   5869835  10263956  12379160  20678564  19221033  11378861  12880338   13046624   12880338  11500738   9943171  15578328  13746032
            4096      32   6782940  11252164  16929220  22116044  23540333  12643359  15635038   21346604   17286949  11378861   7274040   7486415  17880690
            4096      64   7061751  10779149  13924290  14038069  24237769  14787213  13879294   15706509   21214804  10425907  10502389  12928804  22521946
            4096     128   6302675  11447097  17498237  21560926  21560926  13518879  14524675   18966395   20263922  10400659  11042425  13166611  16585996
            4096     256   6565206  11973655  18202760  24101756  26116935  14072566  13615304   20905025   17714753  12597006  10369272  15578328  23670066
            4096     512   6520355  11940367  16522191  17131802  25919917  14072566  14427096   22881911   19706075  13126371  12370246  14573961  16318176
            4096    1024   6311938  11378861  17516078  23412013  26935898  14224033  16380411   13207098   26276719  14838300  12083134  12334720  24237769
            4096    2048   5988509  12414943  18779801  24549484  21453230  14271297  13561566   19394624   23412013   8162211  21918530  16862753  25308964
            4096    4096   2663212  10923071  15564215  23670066  25764430   9394037  15452222   15165768   17427236  10036109   9840653  18378010  26438471
            8192       4   3127933   6095604   9775714  11178240   7008178   6532510   4253071    7676771    7565215   7223279   6703285   6959913  10278712
            8192       8   6351381   9121717  13277557  13190902  12879400   7922821   9692982   11363077   11027561   8159896   7751239  11656039  14920815
            8192      16   6370221   9695717  12783564  14100319  12065338   9671156  12432038   14371614   13517846   9396107   6737460  11160086  14785977
            8192      32   6709830   9823226  12981586  14146762  18200887   9523721  14548080   22084851   13298112  10721317   6511465  12563868  18239534
            8192      64   6759994   6821731  14811472  14628599  14628599  12116393  11857157   21225362   12527222   8752276   8299843  15748303  18706245
            8192     128   6307078  11041736  12922997  17505420  16927599  10967720  16005052   18124082   20333543  10922396   9614327  13701116  19403449
            8192     256   6548696  10026754  14222889  16193630  21735586   9823226  10569606   18405631   15967862   9695717  10226704  17207351  18124082
            8192     512   6959913   5681356  14728932  14972831  22563442  10238893   8819674   21160006   22445525  10278712   9977258  11636301  17172951
            8192    1024   6741425  10393756   9052027  14401733  18655463  13344594   8605412   17172951   24974266   9447779   6890129  11956180  13934487
            8192    2048   6720329   9592853  13565880  13581967  14972831  12378293  10939784   16819875   15224943  10651521   9831659  10278712  16064918
            8192    4096   5494212   8248041  11616631  14077211  13085407  12133508   6439465   13001235   16418026   5801260  15084578   8679319  11853067
            8192    8192   3348965   8934340   7683638  10981742   8971666  10894690   7915520   10291026    7289171   9427042   9728660   6820377   9309549
           16384       4   3135040   7320858   9282896  10057285   5961710   5331717   5527714    7623802    6582447   7265900   6829736   8842150  10742780
           16384       8   6206148   7585093  11618213  12869284   8055449   7230732   8493527   11769440    9384309   7891709   7753693  10349621  14308194
           16384      16   6470269   7606082  13032810  14308194  11897816   8737593   9356200   15044308   11803808   9324462   8368375  11862900  15970852
           16384      32   6801345   9649164  13827397  14975460  12709810   9552590  10026469   18104055   13440658   9706407   7979682  10871948   8459025
           16384      64   6540472   9153070   9728392  15937517  12669973   9758786  10793399   20557424   13266805   9406146   6858364  10501454  15326149
           16384     128   6731392   7820757  10915120  15453672  14814045   9066126  11914318   20459497   12740443   9324462   8437214  12411393  15339834
           16384     256   6901759   8669252  13127416  14975460  15214175  11009550  12526779   24130676   15647203   7333358   8705493  12449618  16943483
           16384     512   6690106   9334595  14907239  14550561  15937517  11425053  12881345   20768664   15512977  10095701   9157949  13150025  17052801
           16384    1024   5254664   9930839  10894355  13835748  16350857  12163157  12818871   18787076   24641184   9852529   9459231  13956577  13780259
           16384    2048   6437538  10448761  13584130  16075462  15370714  12217217  10515917   19529204   23954036  10610087  10026469   5994473  14907239
           16384    4096   6028127  10428149  11793679  13551983  12526779  12300316   6951327   17526876   18409604  12154552  10279951   6815511  10981401
           16384    8192   5156872   9297968   5010239   7092667   7265132  10176433   5464853   11899876    5887143   5975188  16109378   5564868   5938526
           16384   16384   2411141   8934115   4755737   5173566   5072369   9122693   4560077    8463192    4817414   8719854   8212365   4880712   5053718
           32768      64   2019711  11011143  16657640  19727685  16581273  10754385  16319416   19727685   18483397  10853752  10100750  16101462  20609230
           32768     128   7163948  10646090  16063823  19377233  18022876  10129784  14674546   18618608   17907808   8163491   9623359  14847341  18490857
           32768     256   7064887  10362735  15869072  17654769  17477409  11118931  15406562   21630965   18973307  10079268   9564426  16882721  20176581
           32768     512   6578605   9193975  12885941  17838081  16796067   9801801  16061946   20052939   17589246   7867228   8491326  15399657  18044172
           32768    1024   7087841   9615280  13738666  16769425  16847539  10313744  13347727   20328783   20416357   9963094   9178625  13590585  19129112
           32768    2048   6905853   9391880  11100073  14473648   8278554  10422459  11728068   20714842   20477194   9087590   9107462   8092829  14466031
           32768    4096   6658604   8916035   6709312   9448699  10288266  10147735   6850776   18235703   19118468   8482416   8322669   6448050  10896778
           32768    8192   4464941   8112893   5108911   6079538   5103220   9071994   4401313   12070018    6427545   9222973   8593798   4514661   5430479
           32768   16384   4106233   7373411   4388944   4729846   4635564   8066705   4336597    8361149    4518371   4835857  12131813   4316711   4561258
           65536      64   2350733   9943202  15540531  19040078  13534912   9684321  15577520   20972150   14654835   9450261   8483675  15206110  18945591
           65536     128   6882649   8421554  14371344  15837807  13112023   9382521  14418837   19264254   14136315   8895781   8586766  14784100  17721703
           65536     256   6866659  10387722  16343485  20073156  16925139  11001362  16412771   21895982   18103360   9311643   8863367  17255571  20314969
           65536     512   6876794   9710321  15629780  18564294  16654416  10590636  14827163   21743563   17169346   9432425   8808832  14987231  17673846
           65536    1024   6770257   9495310  14743658  18285203  17503903  10794847  15316258   17964930   14365335   8425684   9511739  14749987  18399028
           65536    2048   6932117   9887763  11401556  16363917  15829598  10327231  10251357   20905161   15114138   9310381   8744937  12877976  15326505
           65536    4096   6624552  10184508   7813069  13249806  12078401  11581215   5093745   19727410   25499337  10054863   8999759   6741035  13630215
           65536    8192   5632189   8874241   4686126   5855591   5303164   8802626   4403767   15727254    6218421   8281998   7870338   4464564   5397509
           65536   16384   3683663   7697331   4354583   4652890   4535354   8667725   4207477    9165711    4549918   9111026   8632068   4315817   4546081
          131072      64   2281619   5095530  18066359  19986900  14904668   4797304  15924424   21004848   15728967   5667480   5951554  17546253  20168008
          131072     128   4075380   6122833  18398908  20192453  16662899   5187461  18280828   21665419   16886567   5082105   5381700  18773373  19977459
          131072     256   4158522   6332876  18419251  20628112  17264678   5441359  18492361   21672252   18249879   4896563   4819383  18913526  20631208
          131072     512   4060120   6954109  18499828  19874183  17964816   5737452  18409382   22095579   18277789   5600620   5472777  17932586  19137380
          131072    1024   4130868   6025460  18957224  19802595  19090198   5653550  18531632   22283658   18974235   5600677   4873082  18461311  19968026
          131072    2048   4178243   6626533  16980451  19170747  18826734   5827523  13789813   22151668   18214808   5097089   5944282  14443007  18697393
          131072    4096   3993901   6544103  13074542  18357131  19636376   6501538  10054643   21494310   15755563   5519037   5663860  10849557  18476202
          131072    8192   3470816   5321635   4919391   5409714   5240370   4689356   4687837   16466259   12466455   5271575   5057979   4590946   5310223
          131072   16384   2913357   4712793   4371544   4448553   4580542   5455669   4335654   10302035    5040264   5770272   5718652   4330668   4420189
          262144      64   1927656   3676733  20782045  21485828  15423991   3057785  17995926   21471563   16895079   3467136   3733615  20597509  21198753
          262144     128   3148119   4276694  23578071  25525039  20754193   3729891  21262294   21515259   21591733   4017408   4364980  24467952  25602901
          262144     256   2788318   4598623  25135827  24939698  23135044   4328158  23461851   22170341   22809170   4153821   3774462  23049202  26659476
          262144     512   2731917   4414684  25397097  25895962  25680640   3558499  24756635   21217571   23721521   4308670   4767906  25018009  27165334
          262144    1024   2623777   4380161  26591776  25465330  25487762   3846466  24961213   22916611   23706177   4217668   4486542  25627368  27103727
          262144    2048   2916044   4316553  24864124  27481053  25092231   3793907  23964523   22159618   23881242   4410522   4206341  21065537  26675646
          262144    4096   3116425   3556324  15057099  16941939  21174666   4081277  13786840   21840057   20473625   4149823   3847300  14382890  24067337
          262144    8192   2124328   3500004   4725854   5087015   5150472   4095552   4739788   17591396    6386278   4240784   4158298   4661005   5172035
          262144   16384   2309598   4066319   4365223   4558471   4367252   3485812   4349285   11205693    5475824   4184394   3978810   4299555   4477644
          524288      64   1714866   2429745    205350    676560    605680   1818487    639161   19690781     810587   2580553   1851248    461651    645645
          524288     128   1836963   1358150    361800    642139   1024086   2275576    546729   18924011     878572   1321214   1398220    443835    677395
          524288     256   1899051   2955633    550782    863849   1531111   2880924   1129193   15186645    1482932   2850012   2468120    521309    826272
          524288     512   1929450   2254992    537929    595162   2036987   3145421   1396038   20586095    1910420   2186901    779762    515029    713989
          524288    1024   1774853   2841578    911133   1419776   2502388   2693782   1313488   19933529    2619709   2725770   2062866   1211834   1180363
          524288    2048   1897732   2308763   1578515   1236694   1871026   2140160    942291   19578406    1665104   1225708   1798796   1254977   1028622
          524288    4096   1660463    969535   1253311   1345677   1825559   2281447   1781510   20578774    1951433   1853177   1761867   1312403   1320036
          524288    8192   1580118   1801503   1439101   1511477   2068981   1961664   1968114   14697898    2061381   1745008   1805835   1256294   1226811
          524288   16384   1393541   1507055   1371688   1517432   1963882   1731322   1485457   11102656    2204141   1779292   1628749   1431729   1578719

iozone test complete.
Timer resolution is poor. Some small transfers may have 
reported inaccurate results. Sizes 64 kBytes and below.
Excel output is below:

"Writer report"
        "4"  "8"  "16"  "32"  "64"  "128"  "256"  "512"  "1024"  "2048"  "4096"  "8192"  "16384"
"64"   710511  4274062  3363612  5283570  4274062 
"128"   2621367  4934216  5122535  4557257  6406138  6406138 
"256"   3605511  4652146  6249745  5810112  5569035  5971678  6107548 
"512"   3431550  5164632  4375425  5684095  5684095  5067142  7115451  5822804 
"1024"   3646583  4287225  5194651  6093831  5758828  4741598  6172653  5564829  6317933 
"2048"   3929871  4259178  5804771  5640860  5403134  6284678  6149699  6464402  5403134  5689430 
"4096"   2023588  5231694  5869835  6782940  7061751  6302675  6565206  6520355  6311938  5988509  2663212 
"8192"   3127933  6351381  6370221  6709830  6759994  6307078  6548696  6959913  6741425  6720329  5494212  3348965 
"16384"   3135040  6206148  6470269  6801345  6540472  6731392  6901759  6690106  5254664  6437538  6028127  5156872  2411141 
"32768"   0  0  0  0  2019711  7163948  7064887  6578605  7087841  6905853  6658604  4464941  4106233 
"65536"   0  0  0  0  2350733  6882649  6866659  6876794  6770257  6932117  6624552  5632189  3683663 
"131072"   0  0  0  0  2281619  4075380  4158522  4060120  4130868  4178243  3993901  3470816  2913357 
"262144"   0  0  0  0  1927656  3148119  2788318  2731917  2623777  2916044  3116425  2124328  2309598 
"524288"   0  0  0  0  1714866  1836963  1899051  1929450  1774853  1897732  1660463  1580118  1393541 

"Re-writer report"
        "4"  "8"  "16"  "32"  "64"  "128"  "256"  "512"  "1024"  "2048"  "4096"  "8192"  "16384"
"64"   6421025  10402178  10821524  10821524  20962191 
"128"   4889281  12542043  12842051  15881078  15881078  15881078 
"256"   8534922  11569783  14953435  15164624  15835569  15164624  17096249 
"512"   7022379  10485468  13109944  13438092  15471149  14628067  15583417  15037801 
"1024"   8474583  9743447  8391792  13514444  14820161  15516181  15801608  15977962  14618393 
"2048"   5626082  7817519  8634786  10037248  12118884  12805399  14040298  15623582  14638464  13198923 
"4096"   6542703  8811067  10263956  11252164  10779149  11447097  11973655  11940367  11378861  12414943  10923071 
"8192"   6095604  9121717  9695717  9823226  6821731  11041736  10026754  5681356  10393756  9592853  8248041  8934340 
"16384"   7320858  7585093  7606082  9649164  9153070  7820757  8669252  9334595  9930839  10448761  10428149  9297968  8934115 
"32768"   0  0  0  0  11011143  10646090  10362735  9193975  9615280  9391880  8916035  8112893  7373411 
"65536"   0  0  0  0  9943202  8421554  10387722  9710321  9495310  9887763  10184508  8874241  7697331 
"131072"   0  0  0  0  5095530  6122833  6332876  6954109  6025460  6626533  6544103  5321635  4712793 
"262144"   0  0  0  0  3676733  4276694  4598623  4414684  4380161  4316553  3556324  3500004  4066319 
"524288"   0  0  0  0  2429745  1358150  2955633  2254992  2841578  2308763  969535  1801503  1507055 

"Reader report"
        "4"  "8"  "16"  "32"  "64"  "128"  "256"  "512"  "1024"  "2048"  "4096"  "8192"  "16384"
"64"   4274062  20962191  20962191  30484297  34389688 
"128"   11720614  18012359  21643049  31945770  31945770  31945770 
"256"   12812277  18259146  25684103  31762157  7965107  29173251  32730347 
"512"   10434519  6104175  11374040  25624554  11620224  30329249  26908901  34192498 
"1024"   11018226  16219316  11489839  20471166  25594883  26876184  24998980  27566176  26876184 
"2048"   7082696  12118884  13467949  14109484  21539147  17791701  21593292  25278959  26284531  28844090 
"4096"   8962759  12049235  12379160  16929220  13924290  17498237  18202760  16522191  17516078  18779801  15564215 
"8192"   9775714  13277557  12783564  12981586  14811472  12922997  14222889  14728932  9052027  13565880  11616631  7683638 
"16384"   9282896  11618213  13032810  13827397  9728392  10915120  13127416  14907239  10894355  13584130  11793679  5010239  4755737 
"32768"   0  0  0  0  16657640  16063823  15869072  12885941  13738666  11100073  6709312  5108911  4388944 
"65536"   0  0  0  0  15540531  14371344  16343485  15629780  14743658  11401556  7813069  4686126  4354583 
"131072"   0  0  0  0  18066359  18398908  18419251  18499828  18957224  16980451  13074542  4919391  4371544 
"262144"   0  0  0  0  20782045  23578071  25135827  25397097  26591776  24864124  15057099  4725854  4365223 
"524288"   0  0  0  0  205350  361800  550782  537929  911133  1578515  1253311  1439101  1371688 

"Re-Reader report"
        "4"  "8"  "16"  "32"  "64"  "128"  "256"  "512"  "1024"  "2048"  "4096"  "8192"  "16384"
"64"   12310336  20962191  55857768  34389688  55857768 
"128"   12842051  20804356  25804035  41924383  31945770  31945770 
"256"   6249745  21558614  7735574  36024719  18259146  31762157  31762157 
"512"   3913012  14146265  21303197  23391616  26908901  23139567  31671139  25624554 
"1024"   6559147  15516181  14422045  21823389  22276143  9064828  23754601  8122014  30075602 
"2048"   7582884  10240672  18804350  20268568  21539147  13301113  12959958  11706006  24984852  31487372 
"4096"   8695120  11470025  20678564  22116044  14038069  21560926  24101756  17131802  23412013  24549484  23670066 
"8192"   11178240  13190902  14100319  14146762  14628599  17505420  16193630  14972831  14401733  13581967  14077211  10981742 
"16384"   10057285  12869284  14308194  14975460  15937517  15453672  14975460  14550561  13835748  16075462  13551983  7092667  5173566 
"32768"   0  0  0  0  19727685  19377233  17654769  17838081  16769425  14473648  9448699  6079538  4729846 
"65536"   0  0  0  0  19040078  15837807  20073156  18564294  18285203  16363917  13249806  5855591  4652890 
"131072"   0  0  0  0  19986900  20192453  20628112  19874183  19802595  19170747  18357131  5409714  4448553 
"262144"   0  0  0  0  21485828  25525039  24939698  25895962  25465330  27481053  16941939  5087015  4558471 
"524288"   0  0  0  0  676560  642139  863849  595162  1419776  1236694  1345677  1511477  1517432 

"Random read report"
        "4"  "8"  "16"  "32"  "64"  "128"  "256"  "512"  "1024"  "2048"  "4096"  "8192"  "16384"
"64"   7100397  12902017  20962191  30484297  64000000 
"128"   9795896  14200794  25804035  31945770  31945770  31945770 
"256"   8534922  14953435  18259146  31762157  28401588  31762157  31762157 
"512"   8109658  5079126  16543832  20490142  20490142  26908901  10485468  29906870 
"1024"   8122014  13102174  8822754  22869206  24430194  20088179  20471166  30075602  30942298 
"2048"   8097557  14840791  20658530  22979678  13836752  25656476  25580074  10037248  27286464  30590314 
"4096"   8552280  13207098  19221033  23540333  24237769  21560926  26116935  25919917  26935898  21453230  25764430 
"8192"   7008178  12879400  12065338  18200887  14628599  16927599  21735586  22563442  18655463  14972831  13085407  8971666 
"16384"   5961710  8055449  11897816  12709810  12669973  14814045  15214175  15937517  16350857  15370714  12526779  7265132  5072369 
"32768"   0  0  0  0  16581273  18022876  17477409  16796067  16847539  8278554  10288266  5103220  4635564 
"65536"   0  0  0  0  13534912  13112023  16925139  16654416  17503903  15829598  12078401  5303164  4535354 
"131072"   0  0  0  0  14904668  16662899  17264678  17964816  19090198  18826734  19636376  5240370  4580542 
"262144"   0  0  0  0  15423991  20754193  23135044  25680640  25487762  25092231  21174666  5150472  4367252 
"524288"   0  0  0  0  605680  1024086  1531111  2036987  2502388  1871026  1825559  2068981  1963882 

"Random write report"
        "4"  "8"  "16"  "32"  "64"  "128"  "256"  "512"  "1024"  "2048"  "4096"  "8192"  "16384"
"64"   5283570  7940539  12902017  12902017  20962191 
"128"   6812590  9129573  14586625  12842051  15881078  18637664 
"256"   7120034  10148242  9868433  6398720  14164395  18259146  16072608 
"512"   6999490  9145790  12215097  14240069  14628067  15143846  12797441  14628067 
"1024"   7113161  8914314  12313351  13818817  14422045  13863422  12313351  16789959  16280798 
"2048"   6503556  10289741  11502234  13836752  14226322  14713687  14738933  15262700  13467949  14321195 
"4096"   5431844  6608135  11378861  12643359  14787213  13518879  14072566  14072566  14224033  14271297  9394037 
"8192"   6532510  7922821  9671156  9523721  12116393  10967720  9823226  10238893  13344594  12378293  12133508  10894690 
"16384"   5331717  7230732  8737593  9552590  9758786  9066126  11009550  11425053  12163157  12217217  12300316  10176433  9122693 
"32768"   0  0  0  0  10754385  10129784  11118931  9801801  10313744  10422459  10147735  9071994  8066705 
"65536"   0  0  0  0  9684321  9382521  11001362  10590636  10794847  10327231  11581215  8802626  8667725 
"131072"   0  0  0  0  4797304  5187461  5441359  5737452  5653550  5827523  6501538  4689356  5455669 
"262144"   0  0  0  0  3057785  3729891  4328158  3558499  3846466  3793907  4081277  4095552  3485812 
"524288"   0  0  0  0  1818487  2275576  2880924  3145421  2693782  2140160  2281447  1961664  1731322 

"Backward read report"
        "4"  "8"  "16"  "32"  "64"  "128"  "256"  "512"  "1024"  "2048"  "4096"  "8192"  "16384"
"64"   4897948  10821524  15972885  20962191  30484297 
"128"   7917784  12842051  14200794  15881078  18012359  21643049 
"256"   4332998  12661199  19591792  16072608  25684103  19591792  23441229 
"512"   5214798  8234036  16543832  21303197  24181823  23139567  21303197  21303197 
"1024"   4614246  10329265  14183905  21823389  22276143  23240448  22748081  7524394  10158253 
"2048"   7343043  6917293  9752360  10289741  21539147  16525279  21115571  17501701  11058022  16244028 
"4096"   5581856  8209013  12880338  15635038  13879294  14524675  13615304  14427096  16380411  13561566  15452222 
"8192"   4253071  9692982  12432038  14548080  11857157  16005052  10569606  8819674  8605412  10939784  6439465  7915520 
"16384"   5527714  8493527  9356200  10026469  10793399  11914318  12526779  12881345  12818871  10515917  6951327  5464853  4560077 
"32768"   0  0  0  0  16319416  14674546  15406562  16061946  13347727  11728068  6850776  4401313  4336597 
"65536"   0  0  0  0  15577520  14418837  16412771  14827163  15316258  10251357  5093745  4403767  4207477 
"131072"   0  0  0  0  15924424  18280828  18492361  18409382  18531632  13789813  10054643  4687837  4335654 
"262144"   0  0  0  0  17995926  21262294  23461851  24756635  24961213  23964523  13786840  4739788  4349285 
"524288"   0  0  0  0  639161  546729  1129193  1396038  1313488  942291  1781510  1968114  1485457 

"Record rewrite report"
        "4"  "8"  "16"  "32"  "64"  "128"  "256"  "512"  "1024"  "2048"  "4096"  "8192"  "16384"
"64"   5283570  12902017  15972885  725882  20962191 
"128"   7917784  14200794  16365173  15881078  15881078  15881078 
"256"   8208677  12812277  19591792  23441229  23441229  17096249  19591792 
"512"   8665997  12499490  18229030  19736867  21303197  19736867  16049269  14628067 
"1024"   9142007  13305116  17985196  21282686  22748081  20869039  20869039  19629138  16789959 
"2048"   8820994  12959958  16653431  22264924  21115571  20510548  12710657  17681831  18970464  10289741 
"4096"   7421732  13647752  13046624  21346604  15706509  18966395  20905025  22881911  13207098  19394624  15165768 
"8192"   7676771  11363077  14371614  22084851  21225362  18124082  18405631  21160006  17172951  16819875  13001235  10291026 
"16384"   7623802  11769440  15044308  18104055  20557424  20459497  24130676  20768664  18787076  19529204  17526876  11899876  8463192 
"32768"   0  0  0  0  19727685  18618608  21630965  20052939  20328783  20714842  18235703  12070018  8361149 
"65536"   0  0  0  0  20972150  19264254  21895982  21743563  17964930  20905161  19727410  15727254  9165711 
"131072"   0  0  0  0  21004848  21665419  21672252  22095579  22283658  22151668  21494310  16466259  10302035 
"262144"   0  0  0  0  21471563  21515259  22170341  21217571  22916611  22159618  21840057  17591396  11205693 
"524288"   0  0  0  0  19690781  18924011  15186645  20586095  19933529  19578406  20578774  14697898  11102656 

"Stride read report"
        "4"  "8"  "16"  "32"  "64"  "128"  "256"  "512"  "1024"  "2048"  "4096"  "8192"  "16384"
"64"   6421025  15972885  15972885  15972885  20962191 
"128"   8548124  14200794  25804035  31945770  25804035  21643049 
"256"   8534922  11695808  22940409  28401588  28401588  25684103  17096249 
"512"   8528336  13190469  21303197  26908901  26908901  25624554  22183443  20490142 
"1024"   7319232  6776473  16531459  19363647  25594883  22748081  18936769  26876184  17331995 
"2048"   6092991  13467949  9796850  20079056  18441025  24984852  26284531  10439809  24984852  13058467 
"4096"   8193352  10923071  12880338  17286949  21214804  20263922  17714753  19706075  26276719  23412013  17427236 
"8192"   7565215  11027561  13517846  13298112  12527222  20333543  15967862  22445525  24974266  15224943  16418026  7289171 
"16384"   6582447  9384309  11803808  13440658  13266805  12740443  15647203  15512977  24641184  23954036  18409604  5887143  4817414 
"32768"   0  0  0  0  18483397  17907808  18973307  17589246  20416357  20477194  19118468  6427545  4518371 
"65536"   0  0  0  0  14654835  14136315  18103360  17169346  14365335  15114138  25499337  6218421  4549918 
"131072"   0  0  0  0  15728967  16886567  18249879  18277789  18974235  18214808  15755563  12466455  5040264 
"262144"   0  0  0  0  16895079  21591733  22809170  23721521  23706177  23881242  20473625  6386278  5475824 
"524288"   0  0  0  0  810587  878572  1482932  1910420  2619709  1665104  1951433  2061381  2204141 

"Fwrite report"
        "4"  "8"  "16"  "32"  "64"  "128"  "256"  "512"  "1024"  "2048"  "4096"  "8192"  "16384"
"64"   6421025  10821524  10402178  10821524  12310336 
"128"   7917784  1802755  14200794  15881078  10779307  15881078 
"256"   8815202  11569783  9868433  15835569  15835569  12661199  17096249 
"512"   8562340  10641343  4961773  12499490  2438090  15471149  9859630  15037801 
"1024"   8914314  11489839  7883484  11645609  12790037  13305116  16280798  6025439  16280798 
"2048"   8229438  9796850  9483197  8398403  12786337  11917129  8784909  16399085  12345306  13552946 
"4096"   5611025  9188050  11500738  11378861  10425907  10400659  12597006  13126371  14838300  8162211  10036109 
"8192"   7223279  8159896  9396107  10721317  8752276  10922396  9695717  10278712  9447779  10651521  5801260  9427042 
"16384"   7265900  7891709  9324462  9706407  9406146  9324462  7333358  10095701  9852529  10610087  12154552  5975188  8719854 
"32768"   0  0  0  0  10853752  8163491  10079268  7867228  9963094  9087590  8482416  9222973  4835857 
"65536"   0  0  0  0  9450261  8895781  9311643  9432425  8425684  9310381  10054863  8281998  9111026 
"131072"   0  0  0  0  5667480  5082105  4896563  5600620  5600677  5097089  5519037  5271575  5770272 
"262144"   0  0  0  0  3467136  4017408  4153821  4308670  4217668  4410522  4149823  4240784  4184394 
"524288"   0  0  0  0  2580553  1321214  2850012  2186901  2725770  1225708  1853177  1745008  1779292 

"Re-Fwrite report"
        "4"  "8"  "16"  "32"  "64"  "128"  "256"  "512"  "1024"  "2048"  "4096"  "8192"  "16384"
"64"   6421025  7293312  15972885  20962191  15972885 
"128"   8036304  10567140  15881078  14200794  31945770  14200794 
"256"   1985448  2413957  11569783  1243036  19591792  21134280  17096249 
"512"   7513788  9638369  11138071  11943357  15143846  15471149  23391616  15471149 
"1024"   7699755  9855234  11132462  9832672  13305116  9832672  17056672  24430194  12790037 
"2048"   7529708  10037248  12118884  11380325  13118295  11835033  11983630  15289867  22498183  11900619 
"4096"   6953144  8865630  9943171  7274040  10502389  11042425  10369272  12370246  12083134  21918530  9840653 
"8192"   6703285  7751239  6737460  6511465  8299843  9614327  10226704  9977258  6890129  9831659  15084578  9728660 
"16384"   6829736  7753693  8368375  7979682  6858364  8437214  8705493  9157949  9459231  10026469  10279951  16109378  8212365 
"32768"   0  0  0  0  10100750  9623359  9564426  8491326  9178625  9107462  8322669  8593798  12131813 
"65536"   0  0  0  0  8483675  8586766  8863367  8808832  9511739  8744937  8999759  7870338  8632068 
"131072"   0  0  0  0  5951554  5381700  4819383  5472777  4873082  5944282  5663860  5057979  5718652 
"262144"   0  0  0  0  3733615  4364980  3774462  4767906  4486542  4206341  3847300  4158298  3978810 
"524288"   0  0  0  0  1851248  1398220  2468120  779762  2062866  1798796  1761867  1805835  1628749 

"Fread report"
        "4"  "8"  "16"  "32"  "64"  "128"  "256"  "512"  "1024"  "2048"  "4096"  "8192"  "16384"
"64"   9006179  7940539  20962191  34389688  30484297 
"128"   9795896  15881078  25804035  25804035  25804035  31945770 
"256"   7735574  16072608  21558614  19591792  21134280  19955913  31762157 
"512"   9468384  14628067  17776344  18229030  24457224  21303197  13872122  19736867 
"1024"   9064828  7524394  19719260  18936769  19719260  8610501  18608584  23886714  14668318 
"2048"   9472740  9268323  9752360  12416686  19486895  10037248  22736381  19710468  19139540  10037248 
"4096"   7770863  12765490  15578328  7486415  12928804  13166611  15578328  14573961  12334720  16862753  18378010 
"8192"   6959913  11656039  11160086  12563868  15748303  13701116  17207351  11636301  11956180  10278712  8679319  6820377 
"16384"   8842150  10349621  11862900  10871948  10501454  12411393  12449618  13150025  13956577  5994473  6815511  5564868  4880712 
"32768"   0  0  0  0  16101462  14847341  16882721  15399657  13590585  8092829  6448050  4514661  4316711 
"65536"   0  0  0  0  15206110  14784100  17255571  14987231  14749987  12877976  6741035  4464564  4315817 
"131072"   0  0  0  0  17546253  18773373  18913526  17932586  18461311  14443007  10849557  4590946  4330668 
"262144"   0  0  0  0  20597509  24467952  23049202  25018009  25627368  21065537  14382890  4661005  4299555 
"524288"   0  0  0  0  461651  443835  521309  515029  1211834  1254977  1312403  1256294  1431729 

"Re-Fread report"
        "4"  "8"  "16"  "32"  "64"  "128"  "256"  "512"  "1024"  "2048"  "4096"  "8192"  "16384"
"64"   12310336  15972885  64000000  34389688  64000000 
"128"   8548124  18012359  31945770  41924383  4407601  31945770 
"256"   12228612  16828306  25684103  23441229  31762157  28401588  31762157 
"512"   11877300  16049269  23139567  21303197  23391616  28328790  25624554  24181823 
"1024"   12492426  15743686  22276143  27045423  22276143  7941793  23886714  23240448  29256135 
"2048"   9752360  17645509  21115571  20909969  28367810  24074544  21325256  26944106  26944106  27286464 
"4096"   10638969  15764158  13746032  17880690  22521946  16585996  23670066  16318176  24237769  25308964  26438471 
"8192"   10278712  14920815  14785977  18239534  18706245  19403449  18124082  17172951  13934487  16064918  11853067  9309549 
"16384"   10742780  14308194  15970852  8459025  15326149  15339834  16943483  17052801  13780259  14907239  10981401  5938526  5053718 
"32768"   0  0  0  0  20609230  18490857  20176581  18044172  19129112  14466031  10896778  5430479  4561258 
"65536"   0  0  0  0  18945591  17721703  20314969  17673846  18399028  15326505  13630215  5397509  4546081 
"131072"   0  0  0  0  20168008  19977459  20631208  19137380  19968026  18697393  18476202  5310223  4420189 
"262144"   0  0  0  0  21198753  25602901  26659476  27165334  27103727  26675646  24067337  5172035  4477644 
"524288"   0  0  0  0  645645  677395  826272  713989  1180363  1028622  1320036  1226811  1578719 