Iozone: Performance Test of File I/O
	        Version $Revision: 3.506 $
		Compiled for 64 bit mode.
		Build: linux 

	Contributors:William Norcott, Don Capps, Isom Crawford, Kirby Collins
	             Al Slater, Scott Rhine, Mike Wisner, Ken Goss
	             Steve Landherr, Brad Smith, Mark Kelly, Dr. Alain CYR,
	             Randy Dunlap, Mark Montague, Dan Million, Gavin Brebner,
	             Jean-Marc Zucconi, Jeff Blomberg, Benny Halevy, Dave Boone,
	             Erik Habbinga, Kris Strecker, Walter Wong, Joshua Root,
	             Fabrice Bacchella, Zhenghua Xue, Qin Li, Darren Sawyer,
	             Vangel Bojaxhi, Ben England, Vikentsi Lapa,
	             Alexey Skidanov, Sudhir Kumar.

	Run began: Sun Mar  9 10:38:52 2025

	Auto Mode
	Command line used: iozone -a -b output.xlsx
	Output is in kBytes/sec
	Time Resolution = 0.000001 seconds.
	Processor cache size set to 1024 kBytes.
	Processor cache line size set to 32 bytes.
	File stride size set to 17 * record size.
                                                                    random    random      bkwd     record     stride                                        
              kB  reclen    write    rewrite      read    reread      read     write      read    rewrite       read    fwrite  frewrite     fread   freread
              64       4   1780008   5735102   9318832  12902017   7940539   1492919   4897948    6421025    8182586   7100397   4643754   7940539  12902017
              64       8   3958892  10821524  20962191  30484297  15972885  10821524   9006179    9318832   15972885   8182586   7940539  20962191  20962191
              64      16   4274062   1679761  20962191  30484297  20962191   9006179  15972885   15972885   34389688   5389653  12902017  12902017  20962191
              64      32   5389653  15972885  34389688  64000000  34389688  12902017  15972885   15972885   30484297  10821524  34389688  22737791  30484297
              64      64   5735102  20962191  55857768  64000000  64000000  15972885  22737791     939223   12902017    955947  12902017  34389688  34389688
             128       4   4407601   8548124  12842051  14586625   9795896   7476717   7082197    7917784    8548124   8036304   7082197   9795896  11470204
             128       8   3657016  12842051  21643049  21643049  15881078   9795896  12542043   12842051   16365173  12842051   7582312  14200794  18637664
             128      16   3277486   9129573  18637664  25804035  18012359  11720614   4012317   16365173   21643049  14200794   1852520  21643049  25804035
             128      32   6114306  18637664  41924383  31945770  31945770  15881078  18012359   21643049   31945770  18012359  14200794  21643049  31945770
             128      64   4135958  18637664  45475583  41924383  31945770  18637664  18637664   16365173   31945770   3468030  33966926  31945770  31945770
             128     128   4717434  18012359  21643049  41924383  31945770  18012359  18012359   12542043   31945770  18012359  18012359  25804035   2098744
             256       4   4819184   6761355   7735574  12228612   9114515   6249745   7735574    8467615    9114515   4496299   6073004  11091721  12661199
             256       8   4572895  11207494  19591792  19591792  14953435  10148242  14164395   14164395   13454450  10245071  10651598  18259146   6761355
             256      16   6891544  16072608  28401588   7791708  21558614  13454450  21134280   18259146   25084087  14353744   3087188  21558614  28401588
             256      32   6891544  17096249  36024719  32730347  28401588  13454450   1334162   18259146   28401588  14164395  10651598  18259146  25684103
             256      64   6719046  16072608  32730347  31762157  31762157  17096249  23441229   19591792   28401588  15164624  18259146  22940409  25684103
             256     128   6936061  16828306  32730347  31762157  25684103  13454450  28401588   21558614   25684103  12228612  23441229  23441229  25684103
             256     256   5938650  16828306  31762157  31762157  25684103  16072608  25684103   18259146   28401588  16072608  17096249  29173251   8534922
             512       4   4784885   8701110  12797441  12215097   6228097   7022379   8528336    8265729    4262523   8140399   7871843  11620224  11877300
             512       8   6086873  11877300  18385093  19736867  15037801   7115451  12215097   12797441   14240069   7115451  11138071  18229030  19037014
             512      16   6632013  11138071  25624554  24457224  17069844  11877300  18869737   18229030    5886650  11943357  11943357  19037014  20490142
             512      32   5115422  15583417  28328790  26908901  24457224  14240069  21516644   20490142   28328790   5278892  12797441  24457224  23391616
             512      64   6319739  15143846  26908901  28707488  25624554  15037801  19037014   19736867   28328790   5384786  13872122  24457224  25624554
             512     128   4690818   9468384  20490142  24457224  21303197   5384786  23391616   20490142   24181823  16049269  16417355  22183443   5067142
             512     256   6319739  15471149  32145217  26908901  28328790  16543832  16543832   18385093   18229030  11374040  22183443  25624554  32145217
             512     512   6319739   8955098  22183443  28328790  28328790   5278892  16543832   16049269   17630404  15583417  12797441  16543832  22183443
            1024       4   4110780   6733974  11903823  12639479   8610501   6479979   8457895    9142007    5417427   8822754   8391792  10662628  12173747
            1024       8   3671521  11249091  18291580  17331995  13305116   8662601  12492426   13472053    6863100  11018226  10662628   7590887  19719260
            1024      16   4741598  14230902  22748081  24430194   8822754  12173747  18291580   17056672   19020633   9855234  12639479  18291580   9220512
            1024      32   2604895  11249091  22276143   9220512  16280798  14871477  20471166   19020633   24430194  12639479   6830356  19719260  27744245
            1024      64   5277632  10557785  23240448  10454984  24292018  14668318  22748081   16037624   28480139  10769573   9569770  13686709  23240448
            1024     128   4926518  13472053  21388672  29256135  27566176  15743686  19276739   20970936   26219889  13998981  13998981  22276143  15743686
            1024     256   5479632  15295157  25594883  27566176  27744245  15516181  22748081   18936769   22748081  15027577  16789959  22748081  23240448
            1024     512   5507740  16219316  31166834  29256135  25594883   7941793  29256135   15295157   29256135  12639479  22748081   7590887  24998980
            1024    1024   5950309  14422045  32098538  30075602  28480139   7420395  23754601   16789959   19719260  15977962  16037624  21388672  27566176
            2048       4   3991965   5209791   8120522   8678404   9752360   7013303   6690992    6261772    8464610   4238163   7582884   6851089  11690076
            2048       8   5251194  10351742  14613561  17791701  14040298   8830061   7503399   12654482    8128206  10048990   9708272  10131961  16783585
            2048      16   5769681  12635867  17940335  20079056  11966935  10834854  15883587   18441025   14638464  12118884  10555264  10084382  23546602
            2048      32   4469720  12635867  21325256  23807646  19847092  14713687  19710468   21539147   11187641  12118884  12488897  19311656  29640323
            2048      64   3130664  15289867  23807646  13219235  16949167  14944066  20909969   21378329   13384011  11380325   7556202   8977721  11579763
            2048     128   5754221  14321195  22736381  22498183  14539356  14613561  21115571   20268568   26284531   9708272  12882215  21325256  22207363
            2048     256   5564129  14840791  24626703  22736381  24984852  16653431  10240672   19139540   30055155  13058467  14017386  19355169  29742954
            2048     512   3612546  14638464  23291219  12654482  27286464  15154989  23291219   12327589   26610232  14944066  16653431  24416701  24074544
            2048    1024   6007763  15289867  26284531  25580074  27637635  13138359  21325256   11917129   20461691  13038646  23807646  13038646  25656476
            2048    2048   4971585  12416686  31032362  23807646  31487372  12882215  10713237   13467949    6629029  14417342  14321195  22736381  26284531
            4096       4   2694963   6086096   6430059   7572208   7418527   6916752   6122971    9119767    7473388   7983931   6382284   8308260  12194633
            4096       8   4939858   9779037  12832234  15620822  14673544   6714018   5894001   12680688   13476460   9756822   9242423   4161985  15564215
            4096      16   5519094   9456085  10606129  20579482  19242562  11841605   9348033   18125940   14072566  11570449   9966244   8677553  19242562
            4096      32   6149271  12229356  13126371  17587806  22760651  13217259  11907264   18536646   15999048  11099499   9914481  18536646  15635038
            4096      64   5728903  12299398  15749706  22259318  24833373  13561566  11940367   21320113   15396828  11874344  10419583  14673544  25421314
            4096     128   6628532   6565206  15939671  15749706  24977794  13350787  11907264   23035315   16862753  13046624   7921350  12151506  24409960
            4096     256   6013663  11470025  14636041  26276719  28034773  14072566  12756011   22760651   19616073  13007113  10270092  18280235  15635038
            4096     512   7099689  12756011  16443123  21807241  26236590  13935585  17131802   15880734   27321427  10923071  11982006  18049765  23380152
            4096    1024   6682678  12334720  21697077  24409960  18779801  14636041  10806269   20168765   26438471  14736477  15866068  16929220  22760651
            4096    2048   6461498  13086376  13658603  23834258  24237769  15273632  11193514   17427236   19394624   7339297  17660123  12264277  25725850
            4096    4096   3637640  10779149  27278046  26397846  26935898  14072566  15822231   14414991   15508016   8603675  12049235  15749706  26768022
            8192       4   3174166   4926264   9342456   9141131   6192276   6229323   6099933    8725605    7087688   7354701   6754678   7600357  10867125
            8192       8   6006101   7765253   6064404  11098803  12316176   7832518   8417779   11251448   10981742   8788093   8102172  11652086  13766992
            8192      16   6450345   8515834  10849967  12619239  16961023   8291831  10488942   15313152   11993741   9383277   8428103  10488942  16927599
            8192      32   6321001   8761203  11412140   7772279  20638888  12280959  11507694   16584440   15457823   9848567   8640034  11024023  18964361
            8192      64   6843471  10041405   5542066  15726679  21776913  10064936  12172193   17425519   16894307  10778492   8551866  11719650  17320112
            8192     128   6590145   9977258  11299550  16512708  18162403  13496606  13065504   18047922   16316670  11222050   9383277  12048414  19458391
            8192     256   6331484   9871202  11569692  14193513  24234447  11314434  14578944   23282020   16861145  12154969   9660279  10751510  18200887
            8192     512   6653956  10738070  13323895  14979358  24992432  11408351  13701116   16994579   22141778   7868391   9800810  10064936  14450187
            8192    1024   6730861  10251112  15231692  17355106  23203407  11088058  13251952   17622134   24251552  10331252  10530733  11427322  17250547
            8192    2048   6698058   8876637  13130412  15137744   9460786  10764984  13236637   14578944   18655463  12263426   9450378   9396107  17469818
            8192    4096   5761377   8668371  11412140  10488942  12014710  10356163   8659632   14894942   15423130   7179509  15662161   8714540   4784941
            8192    8192   2632364   7781080  10278712  11359320  10501766  10836280   7130343   11203754    4051471  10064936   8808369   7301563   9352628
           16384       4   3251329   6723489   8991393   7265900   5708638   5320984   5546453    7742336    6596348   7105134   6407526   8376536  10556302
           16384       8   5116937   7349829   9694083  12780725   8747603   7407665   8308679   10865073    9330792   8554853   7001613  10064650  12932252
           16384      16   6380161   6651899  12282728  13722472  11729263   8747603   9519507   14449597   10880555   9699557   8286637   9543303  14410206
           16384      32   6832452   8967926  13733442  14486149  11385303   7884466  11645778   21250341   12109573   9204562   8282642  12545073  13538634
           16384      64   6227520   7367164  10170408  15370714  12280533  10057285  11260308   21529968   13482851   9314351   7386962   9465746  11221694
           16384     128   6603955   7850240  10290727  13733442  13758188  10170408   7164394   18267683   12458647   8875268   7991746  11522755  15227661
           16384     256   6590654   9330792  12660636  14296287  13894495  11145254  12458647   22658713   14446559   9711894   8163585   7515413  13192943
           16384     512   6533011   8790123  13538634  14498374  14538248  11465082  10714305   19484905   10033789   9465746   6977442  12402433  15827395
           16384    1024   6442970   9459231   9636986  16448701  17031669   9942333  12199866   22658713   28997937   9700926   9225569   9454025  15044308
           16384    2048   6829057   8204521  11353326  14347028  15679334   9822953  11669509   16015518   21389241   6993063   9287914  11949538  14272533
           16384    4096   6180472   9786581   9340939  12761737  11571262  11016610   6977442   16350857   18553747  10779854  10214248   6812808   9036322
           16384    8192   4785210   8154866   6021260   7780028   7239873   9047029   6010201   11497692    7379822   6630718  16049181   5192722   5428590
           16384   16384   2371779   8885596   4709456   4418461   4999668   9277883   4841852    9051796    4256708   8864963   8599818   4443604   4954252
           32768      64   2612271  10638673  15156803  18357489  15761699   9947950  15156803   19810147   16350479  10587860   9606543  16383613  18094058
           32768     128   6003587   9963094  13636432  17111837  16246112  10843476  14720125   19598283   16416882   9089393   8756412  13412858  18034701
           32768     256   6801280  10182318  13625617  15205432  16837219  10814466  14564139   20805782   17877526  10095557   8568617  14949081  18409125
           32768     512   7007613   9834766  13631022  17003867  16761245  10646090  14229394   20926160   15024253   7785230   8743044  13751038  16657640
           32768    1024   6841228   9735149  14773924  17120363  12482188  10195158  13641846   20569133   15470729   7536350   8923561  13002978  11160464
           32768    2048   6772792   9191516  11362529  13435147  10536721  10011720   9728947   20179544   16458166   9290932   8359115   8234904  13380213
           32768    4096   6333065   8948544   7332108  10569945  10439084   9796212   6402692   16675830   10857181   8256175   8043101   6174587   8456321
           32768    8192   4733266   6808018   4762791   6099775   5832629   8756970   4814512    9517402    6406273   9787143   8708144   4254442   5587902
           32768   16384   3880175   7217747   4394839   4498701   4389505   7711842   3879737    8011688    3820953   6182643  11172258   3845112   4388944
           65536      64   2786400   9574356  14221888  17750313  13172974   9358244  13641715   19979778   12852686   9188998   8692944  14700292  17608181
           65536     128   6848695   8727444  14087773  16747770  12752511   9362388  13785385   17660220   13846493   8899525   8364407  14045303  16934524
           65536     256   6935090  10195463  15420223  18148780  15761523  10645597  12190353   20378224   16449111   9785682   9056990  16181847  19051955
           65536     512   6925480   9533842  13096405  16995252  14739705   9849146  14218946   21693798   14973353   9209625   8663081  14327896  15907465
           65536    1024   6986916   9837514  16290214  17712568  16375615  10872128  16078675   20127540   16587082  10019313   9441821  14527811  18189613
           65536    2048   6957735   9657442  13591127  16058948  14400707  10354852  11344618   21270760   13985277   9395670   8674564  13323017  16138146
           65536    4096   6763926   9681933   8531068  12341967  11751034  11140023   5367890   19775665   25570500   9774199   9141630   7458198  10830575
           65536    8192   5214137   8630984   5122412   5722116   5007357   9192685   4432241   17760635    8845399   8651629   7572017   4474084   5389994
           65536   16384   3377301   7985574   3464040   3911916   4082983   7446278   3973096    7911110    4306216   7926394   7931426   4087294   4274476
          131072      64   2192937   5346633  17142474  19056449  13949721   4097035  15708742   20968795   13991258   5215364   4916048  17124319  18875862
          131072     128   3950905   5814334  16808606  18748404  16042924   4938482  17230588   21571905   15980434   5025382   4907228  15902774  16591490
          131072     256   3158666   5645538  16553522  17115256  15409333   4487992  16776291   21473321   17241937   4762643   4915169  18191904  19331864
          131072     512   4055687   6166098  16698835  17923232  16784486   4776132  17183195   22007129   17506582   4989805   5355122  17082283  18370013
          131072    1024   4389975   6003090  17852225  18761840  17200937   5797105  16251595   21834937   17655006   4933075   5496139  16726779  18318595
          131072    2048   3813225   3719497   8285718  10632997   9610644   5475938   4276830   20214727   12122828   4413482   5421558  14324837  16501846
          131072    4096   3508897   5497513  10861132  14570090  14058882   5090340  10252849   21236091   11825298   5456102   4608573  11030235  14495942
          131072    8192   3452637   4894209   4871311   5055048   4901365   3748868   4584515   17289655   11296320   4954147   4531272   3891558   2938365
          131072   16384   1886855   3794119   4185464   4167759   4289578   3221166   4032129   10611447    4612478   5029428   4293363   4153212   4256531
          262144      64   1702057   2782905  18793205  19349148  12682993   3520072  16184805   20354614   14171373   2438688   3923607  18857993  18982361
          262144     128   3138244   4276677  21958697  22888464  18340842   3717985  20249278   21245039   19183727   4055191   4111479  22168553  22476716
          262144     256   3401366   4465152  17930482  23291379  19339279   3820736  21515259   21933291   21459410   3721685   4189273  22336989  22794984
          262144     512   3026541   4104848  22432234  23190671  21672169   4360860  21982843   22696171   22043663   3979587   3846291  22275896  22550011
          262144    1024   3349689   4553563  21729562  22828586  22015856   3627843  21573939   22193164   21534643   3631354   4029392  21296888  21963961
          262144    2048   3431600   4098177  19117683  21527896  21671742   3318190  20395392   21241755   21361019   3236105   4309380  20340305  22696171
          262144    4096   3162544   4726809  14242229  18348494  17124534   3820722  10615730   21427626   16830941   4453685   4105293  12874118  18749940
          262144    8192   2834853   4401130   4569915   4946676   4742794   2996207   4543853   16697264    6256118   3163426   3871113   4564830   4847874
          262144   16384   2296707   3996773   4250407   4418995   4343444   4036774   4239623   11234890    5035804   3517482   3339749   4250555   4343444
          524288      64   1271028   1302268    320368    675326    918474   2145361    442437   20629160     968772   2640160   1505571    737278    810528
          524288     128   2308489   2092096    283797    584750   1072654   1480086    935119   18503785    1193022   2020962   1595923    362704    779450
          524288     256   2264282   2361999    559585    852833   1647419   1686660    910590   18107629    1501139   1791580   2360255    989966    942984
          524288     512   2201817   2334204    615927   1101230   2109794   2107588    873894   18390817    2027056   1721800   1952566   1758595   1085704
          524288    1024   2142084   2194673    597439   1184443   2293423   2617396   1328064   18076371    1322954   1545241   1886660   2458605   1269235
          524288    2048   2801011   2456888   1777765   1567069   2026413   2290058   1302627   18463546    3113459   2566793    684266   2160383    929976
          524288    4096   1730597    680579   1302559    919808   3098831   2989254   1338797   20942917    2306744   2785817    866233    856044   1148655
          524288    8192   2448422    887379   1059623    877123   1570919   2245324   1460229   20507957    1880206   2637158    853342   2558340   1605378
          524288   16384   2147884   2109241   1839709   1661374   2882729   2776713   2023776   13774560    2743570   2401422   2147121   2150581   1311739

iozone test complete.
Timer resolution is poor. Some small transfers may have 
reported inaccurate results. Sizes 64 kBytes and below.
Excel output is below:

"Writer report"
        "4"  "8"  "16"  "32"  "64"  "128"  "256"  "512"  "1024"  "2048"  "4096"  "8192"  "16384"
"64"   1780008  3958892  4274062  5389653  5735102 
"128"   4407601  3657016  3277486  6114306  4135958  4717434 
"256"   4819184  4572895  6891544  6891544  6719046  6936061  5938650 
"512"   4784885  6086873  6632013  5115422  6319739  4690818  6319739  6319739 
"1024"   4110780  3671521  4741598  2604895  5277632  4926518  5479632  5507740  5950309 
"2048"   3991965  5251194  5769681  4469720  3130664  5754221  5564129  3612546  6007763  4971585 
"4096"   2694963  4939858  5519094  6149271  5728903  6628532  6013663  7099689  6682678  6461498  3637640 
"8192"   3174166  6006101  6450345  6321001  6843471  6590145  6331484  6653956  6730861  6698058  5761377  2632364 
"16384"   3251329  5116937  6380161  6832452  6227520  6603955  6590654  6533011  6442970  6829057  6180472  4785210  2371779 
"32768"   0  0  0  0  2612271  6003587  6801280  7007613  6841228  6772792  6333065  4733266  3880175 
"65536"   0  0  0  0  2786400  6848695  6935090  6925480  6986916  6957735  6763926  5214137  3377301 
"131072"   0  0  0  0  2192937  3950905  3158666  4055687  4389975  3813225  3508897  3452637  1886855 
"262144"   0  0  0  0  1702057  3138244  3401366  3026541  3349689  3431600  3162544  2834853  2296707 
"524288"   0  0  0  0  1271028  2308489  2264282  2201817  2142084  2801011  1730597  2448422  2147884 

"Re-writer report"
        "4"  "8"  "16"  "32"  "64"  "128"  "256"  "512"  "1024"  "2048"  "4096"  "8192"  "16384"
"64"   5735102  10821524  1679761  15972885  20962191 
"128"   8548124  12842051  9129573  18637664  18637664  18012359 
"256"   6761355  11207494  16072608  17096249  16072608  16828306  16828306 
"512"   8701110  11877300  11138071  15583417  15143846  9468384  15471149  8955098 
"1024"   6733974  11249091  14230902  11249091  10557785  13472053  15295157  16219316  14422045 
"2048"   5209791  10351742  12635867  12635867  15289867  14321195  14840791  14638464  15289867  12416686 
"4096"   6086096  9779037  9456085  12229356  12299398  6565206  11470025  12756011  12334720  13086376  10779149 
"8192"   4926264  7765253  8515834  8761203  10041405  9977258  9871202  10738070  10251112  8876637  8668371  7781080 
"16384"   6723489  7349829  6651899  8967926  7367164  7850240  9330792  8790123  9459231  8204521  9786581  8154866  8885596 
"32768"   0  0  0  0  10638673  9963094  10182318  9834766  9735149  9191516  8948544  6808018  7217747 
"65536"   0  0  0  0  9574356  8727444  10195463  9533842  9837514  9657442  9681933  8630984  7985574 
"131072"   0  0  0  0  5346633  5814334  5645538  6166098  6003090  3719497  5497513  4894209  3794119 
"262144"   0  0  0  0  2782905  4276677  4465152  4104848  4553563  4098177  4726809  4401130  3996773 
"524288"   0  0  0  0  1302268  2092096  2361999  2334204  2194673  2456888  680579  887379  2109241 

"Reader report"
        "4"  "8"  "16"  "32"  "64"  "128"  "256"  "512"  "1024"  "2048"  "4096"  "8192"  "16384"
"64"   9318832  20962191  20962191  34389688  55857768 
"128"   12842051  21643049  18637664  41924383  45475583  21643049 
"256"   7735574  19591792  28401588  36024719  32730347  32730347  31762157 
"512"   12797441  18385093  25624554  28328790  26908901  20490142  32145217  22183443 
"1024"   11903823  18291580  22748081  22276143  23240448  21388672  25594883  31166834  32098538 
"2048"   8120522  14613561  17940335  21325256  23807646  22736381  24626703  23291219  26284531  31032362 
"4096"   6430059  12832234  10606129  13126371  15749706  15939671  14636041  16443123  21697077  13658603  27278046 
"8192"   9342456  6064404  10849967  11412140  5542066  11299550  11569692  13323895  15231692  13130412  11412140  10278712 
"16384"   8991393  9694083  12282728  13733442  10170408  10290727  12660636  13538634  9636986  11353326  9340939  6021260  4709456 
"32768"   0  0  0  0  15156803  13636432  13625617  13631022  14773924  11362529  7332108  4762791  4394839 
"65536"   0  0  0  0  14221888  14087773  15420223  13096405  16290214  13591127  8531068  5122412  3464040 
"131072"   0  0  0  0  17142474  16808606  16553522  16698835  17852225  8285718  10861132  4871311  4185464 
"262144"   0  0  0  0  18793205  21958697  17930482  22432234  21729562  19117683  14242229  4569915  4250407 
"524288"   0  0  0  0  320368  283797  559585  615927  597439  1777765  1302559  1059623  1839709 

"Re-Reader report"
        "4"  "8"  "16"  "32"  "64"  "128"  "256"  "512"  "1024"  "2048"  "4096"  "8192"  "16384"
"64"   12902017  30484297  30484297  64000000  64000000 
"128"   14586625  21643049  25804035  31945770  41924383  41924383 
"256"   12228612  19591792  7791708  32730347  31762157  31762157  31762157 
"512"   12215097  19736867  24457224  26908901  28707488  24457224  26908901  28328790 
"1024"   12639479  17331995  24430194  9220512  10454984  29256135  27566176  29256135  30075602 
"2048"   8678404  17791701  20079056  23807646  13219235  22498183  22736381  12654482  25580074  23807646 
"4096"   7572208  15620822  20579482  17587806  22259318  15749706  26276719  21807241  24409960  23834258  26397846 
"8192"   9141131  11098803  12619239  7772279  15726679  16512708  14193513  14979358  17355106  15137744  10488942  11359320 
"16384"   7265900  12780725  13722472  14486149  15370714  13733442  14296287  14498374  16448701  14347028  12761737  7780028  4418461 
"32768"   0  0  0  0  18357489  17111837  15205432  17003867  17120363  13435147  10569945  6099775  4498701 
"65536"   0  0  0  0  17750313  16747770  18148780  16995252  17712568  16058948  12341967  5722116  3911916 
"131072"   0  0  0  0  19056449  18748404  17115256  17923232  18761840  10632997  14570090  5055048  4167759 
"262144"   0  0  0  0  19349148  22888464  23291379  23190671  22828586  21527896  18348494  4946676  4418995 
"524288"   0  0  0  0  675326  584750  852833  1101230  1184443  1567069  919808  877123  1661374 

"Random read report"
        "4"  "8"  "16"  "32"  "64"  "128"  "256"  "512"  "1024"  "2048"  "4096"  "8192"  "16384"
"64"   7940539  15972885  20962191  34389688  64000000 
"128"   9795896  15881078  18012359  31945770  31945770  31945770 
"256"   9114515  14953435  21558614  28401588  31762157  25684103  25684103 
"512"   6228097  15037801  17069844  24457224  25624554  21303197  28328790  28328790 
"1024"   8610501  13305116  8822754  16280798  24292018  27566176  27744245  25594883  28480139 
"2048"   9752360  14040298  11966935  19847092  16949167  14539356  24984852  27286464  27637635  31487372 
"4096"   7418527  14673544  19242562  22760651  24833373  24977794  28034773  26236590  18779801  24237769  26935898 
"8192"   6192276  12316176  16961023  20638888  21776913  18162403  24234447  24992432  23203407  9460786  12014710  10501766 
"16384"   5708638  8747603  11729263  11385303  12280533  13758188  13894495  14538248  17031669  15679334  11571262  7239873  4999668 
"32768"   0  0  0  0  15761699  16246112  16837219  16761245  12482188  10536721  10439084  5832629  4389505 
"65536"   0  0  0  0  13172974  12752511  15761523  14739705  16375615  14400707  11751034  5007357  4082983 
"131072"   0  0  0  0  13949721  16042924  15409333  16784486  17200937  9610644  14058882  4901365  4289578 
"262144"   0  0  0  0  12682993  18340842  19339279  21672169  22015856  21671742  17124534  4742794  4343444 
"524288"   0  0  0  0  918474  1072654  1647419  2109794  2293423  2026413  3098831  1570919  2882729 

"Random write report"
        "4"  "8"  "16"  "32"  "64"  "128"  "256"  "512"  "1024"  "2048"  "4096"  "8192"  "16384"
"64"   1492919  10821524  9006179  12902017  15972885 
"128"   7476717  9795896  11720614  15881078  18637664  18012359 
"256"   6249745  10148242  13454450  13454450  17096249  13454450  16072608 
"512"   7022379  7115451  11877300  14240069  15037801  5384786  16543832  5278892 
"1024"   6479979  8662601  12173747  14871477  14668318  15743686  15516181  7941793  7420395 
"2048"   7013303  8830061  10834854  14713687  14944066  14613561  16653431  15154989  13138359  12882215 
"4096"   6916752  6714018  11841605  13217259  13561566  13350787  14072566  13935585  14636041  15273632  14072566 
"8192"   6229323  7832518  8291831  12280959  10064936  13496606  11314434  11408351  11088058  10764984  10356163  10836280 
"16384"   5320984  7407665  8747603  7884466  10057285  10170408  11145254  11465082  9942333  9822953  11016610  9047029  9277883 
"32768"   0  0  0  0  9947950  10843476  10814466  10646090  10195158  10011720  9796212  8756970  7711842 
"65536"   0  0  0  0  9358244  9362388  10645597  9849146  10872128  10354852  11140023  9192685  7446278 
"131072"   0  0  0  0  4097035  4938482  4487992  4776132  5797105  5475938  5090340  3748868  3221166 
"262144"   0  0  0  0  3520072  3717985  3820736  4360860  3627843  3318190  3820722  2996207  4036774 
"524288"   0  0  0  0  2145361  1480086  1686660  2107588  2617396  2290058  2989254  2245324  2776713 

"Backward read report"
        "4"  "8"  "16"  "32"  "64"  "128"  "256"  "512"  "1024"  "2048"  "4096"  "8192"  "16384"
"64"   4897948  9006179  15972885  15972885  22737791 
"128"   7082197  12542043  4012317  18012359  18637664  18012359 
"256"   7735574  14164395  21134280  1334162  23441229  28401588  25684103 
"512"   8528336  12215097  18869737  21516644  19037014  23391616  16543832  16543832 
"1024"   8457895  12492426  18291580  20471166  22748081  19276739  22748081  29256135  23754601 
"2048"   6690992  7503399  15883587  19710468  20909969  21115571  10240672  23291219  21325256  10713237 
"4096"   6122971  5894001  9348033  11907264  11940367  11907264  12756011  17131802  10806269  11193514  15822231 
"8192"   6099933  8417779  10488942  11507694  12172193  13065504  14578944  13701116  13251952  13236637  8659632  7130343 
"16384"   5546453  8308679  9519507  11645778  11260308  7164394  12458647  10714305  12199866  11669509  6977442  6010201  4841852 
"32768"   0  0  0  0  15156803  14720125  14564139  14229394  13641846  9728947  6402692  4814512  3879737 
"65536"   0  0  0  0  13641715  13785385  12190353  14218946  16078675  11344618  5367890  4432241  3973096 
"131072"   0  0  0  0  15708742  17230588  16776291  17183195  16251595  4276830  10252849  4584515  4032129 
"262144"   0  0  0  0  16184805  20249278  21515259  21982843  21573939  20395392  10615730  4543853  4239623 
"524288"   0  0  0  0  442437  935119  910590  873894  1328064  1302627  1338797  1460229  2023776 

"Record rewrite report"
        "4"  "8"  "16"  "32"  "64"  "128"  "256"  "512"  "1024"  "2048"  "4096"  "8192"  "16384"
"64"   6421025  9318832  15972885  15972885  939223 
"128"   7917784  12842051  16365173  21643049  16365173  12542043 
"256"   8467615  14164395  18259146  18259146  19591792  21558614  18259146 
"512"   8265729  12797441  18229030  20490142  19736867  20490142  18385093  16049269 
"1024"   9142007  13472053  17056672  19020633  16037624  20970936  18936769  15295157  16789959 
"2048"   6261772  12654482  18441025  21539147  21378329  20268568  19139540  12327589  11917129  13467949 
"4096"   9119767  12680688  18125940  18536646  21320113  23035315  22760651  15880734  20168765  17427236  14414991 
"8192"   8725605  11251448  15313152  16584440  17425519  18047922  23282020  16994579  17622134  14578944  14894942  11203754 
"16384"   7742336  10865073  14449597  21250341  21529968  18267683  22658713  19484905  22658713  16015518  16350857  11497692  9051796 
"32768"   0  0  0  0  19810147  19598283  20805782  20926160  20569133  20179544  16675830  9517402  8011688 
"65536"   0  0  0  0  19979778  17660220  20378224  21693798  20127540  21270760  19775665  17760635  7911110 
"131072"   0  0  0  0  20968795  21571905  21473321  22007129  21834937  20214727  21236091  17289655  10611447 
"262144"   0  0  0  0  20354614  21245039  21933291  22696171  22193164  21241755  21427626  16697264  11234890 
"524288"   0  0  0  0  20629160  18503785  18107629  18390817  18076371  18463546  20942917  20507957  13774560 

"Stride read report"
        "4"  "8"  "16"  "32"  "64"  "128"  "256"  "512"  "1024"  "2048"  "4096"  "8192"  "16384"
"64"   8182586  15972885  34389688  30484297  12902017 
"128"   8548124  16365173  21643049  31945770  31945770  31945770 
"256"   9114515  13454450  25084087  28401588  28401588  25684103  28401588 
"512"   4262523  14240069  5886650  28328790  28328790  24181823  18229030  17630404 
"1024"   5417427  6863100  19020633  24430194  28480139  26219889  22748081  29256135  19719260 
"2048"   8464610  8128206  14638464  11187641  13384011  26284531  30055155  26610232  20461691  6629029 
"4096"   7473388  13476460  14072566  15999048  15396828  16862753  19616073  27321427  26438471  19394624  15508016 
"8192"   7087688  10981742  11993741  15457823  16894307  16316670  16861145  22141778  24251552  18655463  15423130  4051471 
"16384"   6596348  9330792  10880555  12109573  13482851  12458647  14446559  10033789  28997937  21389241  18553747  7379822  4256708 
"32768"   0  0  0  0  16350479  16416882  17877526  15024253  15470729  16458166  10857181  6406273  3820953 
"65536"   0  0  0  0  12852686  13846493  16449111  14973353  16587082  13985277  25570500  8845399  4306216 
"131072"   0  0  0  0  13991258  15980434  17241937  17506582  17655006  12122828  11825298  11296320  4612478 
"262144"   0  0  0  0  14171373  19183727  21459410  22043663  21534643  21361019  16830941  6256118  5035804 
"524288"   0  0  0  0  968772  1193022  1501139  2027056  1322954  3113459  2306744  1880206  2743570 

"Fwrite report"
        "4"  "8"  "16"  "32"  "64"  "128"  "256"  "512"  "1024"  "2048"  "4096"  "8192"  "16384"
"64"   7100397  8182586  5389653  10821524  955947 
"128"   8036304  12842051  14200794  18012359  3468030  18012359 
"256"   4496299  10245071  14353744  14164395  15164624  12228612  16072608 
"512"   8140399  7115451  11943357  5278892  5384786  16049269  11374040  15583417 
"1024"   8822754  11018226  9855234  12639479  10769573  13998981  15027577  12639479  15977962 
"2048"   4238163  10048990  12118884  12118884  11380325  9708272  13058467  14944066  13038646  14417342 
"4096"   7983931  9756822  11570449  11099499  11874344  13046624  13007113  10923071  14736477  7339297  8603675 
"8192"   7354701  8788093  9383277  9848567  10778492  11222050  12154969  7868391  10331252  12263426  7179509  10064936 
"16384"   7105134  8554853  9699557  9204562  9314351  8875268  9711894  9465746  9700926  6993063  10779854  6630718  8864963 
"32768"   0  0  0  0  10587860  9089393  10095557  7785230  7536350  9290932  8256175  9787143  6182643 
"65536"   0  0  0  0  9188998  8899525  9785682  9209625  10019313  9395670  9774199  8651629  7926394 
"131072"   0  0  0  0  5215364  5025382  4762643  4989805  4933075  4413482  5456102  4954147  5029428 
"262144"   0  0  0  0  2438688  4055191  3721685  3979587  3631354  3236105  4453685  3163426  3517482 
"524288"   0  0  0  0  2640160  2020962  1791580  1721800  1545241  2566793  2785817  2637158  2401422 

"Re-Fwrite report"
        "4"  "8"  "16"  "32"  "64"  "128"  "256"  "512"  "1024"  "2048"  "4096"  "8192"  "16384"
"64"   4643754  7940539  12902017  34389688  12902017 
"128"   7082197  7582312  1852520  14200794  33966926  18012359 
"256"   6073004  10651598  3087188  10651598  18259146  23441229  17096249 
"512"   7871843  11138071  11943357  12797441  13872122  16417355  22183443  12797441 
"1024"   8391792  10662628  12639479  6830356  9569770  13998981  16789959  22748081  16037624 
"2048"   7582884  9708272  10555264  12488897  7556202  12882215  14017386  16653431  23807646  14321195 
"4096"   6382284  9242423  9966244  9914481  10419583  7921350  10270092  11982006  15866068  17660123  12049235 
"8192"   6754678  8102172  8428103  8640034  8551866  9383277  9660279  9800810  10530733  9450378  15662161  8808369 
"16384"   6407526  7001613  8286637  8282642  7386962  7991746  8163585  6977442  9225569  9287914  10214248  16049181  8599818 
"32768"   0  0  0  0  9606543  8756412  8568617  8743044  8923561  8359115  8043101  8708144  11172258 
"65536"   0  0  0  0  8692944  8364407  9056990  8663081  9441821  8674564  9141630  7572017  7931426 
"131072"   0  0  0  0  4916048  4907228  4915169  5355122  5496139  5421558  4608573  4531272  4293363 
"262144"   0  0  0  0  3923607  4111479  4189273  3846291  4029392  4309380  4105293  3871113  3339749 
"524288"   0  0  0  0  1505571  1595923  2360255  1952566  1886660  684266  866233  853342  2147121 

"Fread report"
        "4"  "8"  "16"  "32"  "64"  "128"  "256"  "512"  "1024"  "2048"  "4096"  "8192"  "16384"
"64"   7940539  20962191  12902017  22737791  34389688 
"128"   9795896  14200794  21643049  21643049  31945770  25804035 
"256"   11091721  18259146  21558614  18259146  22940409  23441229  29173251 
"512"   11620224  18229030  19037014  24457224  24457224  22183443  25624554  16543832 
"1024"   10662628  7590887  18291580  19719260  13686709  22276143  22748081  7590887  21388672 
"2048"   6851089  10131961  10084382  19311656  8977721  21325256  19355169  24416701  13038646  22736381 
"4096"   8308260  4161985  8677553  18536646  14673544  12151506  18280235  18049765  16929220  12264277  15749706 
"8192"   7600357  11652086  10488942  11024023  11719650  12048414  10751510  10064936  11427322  9396107  8714540  7301563 
"16384"   8376536  10064650  9543303  12545073  9465746  11522755  7515413  12402433  9454025  11949538  6812808  5192722  4443604 
"32768"   0  0  0  0  16383613  13412858  14949081  13751038  13002978  8234904  6174587  4254442  3845112 
"65536"   0  0  0  0  14700292  14045303  16181847  14327896  14527811  13323017  7458198  4474084  4087294 
"131072"   0  0  0  0  17124319  15902774  18191904  17082283  16726779  14324837  11030235  3891558  4153212 
"262144"   0  0  0  0  18857993  22168553  22336989  22275896  21296888  20340305  12874118  4564830  4250555 
"524288"   0  0  0  0  737278  362704  989966  1758595  2458605  2160383  856044  2558340  2150581 

"Re-Fread report"
        "4"  "8"  "16"  "32"  "64"  "128"  "256"  "512"  "1024"  "2048"  "4096"  "8192"  "16384"
"64"   12902017  20962191  20962191  30484297  34389688 
"128"   11470204  18637664  25804035  31945770  31945770  2098744 
"256"   12661199  6761355  28401588  25684103  25684103  25684103  8534922 
"512"   11877300  19037014  20490142  23391616  25624554  5067142  32145217  22183443 
"1024"   12173747  19719260  9220512  27744245  23240448  15743686  23240448  24998980  27566176 
"2048"   11690076  16783585  23546602  29640323  11579763  22207363  29742954  24074544  25656476  26284531 
"4096"   12194633  15564215  19242562  15635038  25421314  24409960  15635038  23380152  22760651  25725850  26768022 
"8192"   10867125  13766992  16927599  18964361  17320112  19458391  18200887  14450187  17250547  17469818  4784941  9352628 
"16384"   10556302  12932252  14410206  13538634  11221694  15227661  13192943  15827395  15044308  14272533  9036322  5428590  4954252 
"32768"   0  0  0  0  18094058  18034701  18409125  16657640  11160464  13380213  8456321  5587902  4388944 
"65536"   0  0  0  0  17608181  16934524  19051955  15907465  18189613  16138146  10830575  5389994  4274476 
"131072"   0  0  0  0  18875862  16591490  19331864  18370013  18318595  16501846  14495942  2938365  4256531 
"262144"   0  0  0  0  18982361  22476716  22794984  22550011  21963961  22696171  18749940  4847874  4343444 
"524288"   0  0  0  0  810528  779450  942984  1085704  1269235  929976  1148655  1605378  1311739 